
Linux 5.2.8200225+ (knl03.kisti.re.kr) 	2020년 03월 29일 	_x86_64_	(272 CPU)

                CPU     %user     %nice   %system   %iowait    %steal     %idle
                all      0.04      0.00      0.23      0.00      0.00     99.73
                all      0.03      0.00      0.08      0.02      0.00     99.87
                all      0.01      0.00      0.09      0.37      0.00     99.53
                all      0.01      0.00      0.07      0.36      0.00     99.55
                all      0.02      0.00      0.07      0.37      0.00     99.54
                all      0.01      0.00      0.12      0.28      0.00     99.59
                all      0.03      0.00      0.14      0.16      0.00     99.68
                all      0.03      0.00      0.12      0.00      0.00     99.85
                all      0.07      0.00      0.13      0.00      0.00     99.81
                all      0.05      0.00      0.15      0.08      0.00     99.72
                all      0.03      0.00      0.44      0.01      0.00     99.52
                all      0.07      0.00      0.51      0.00      0.00     99.41
                all      0.03      0.00      0.45      0.00      0.00     99.52
                all      0.05      0.00      0.43      0.00      0.00     99.51
                all      0.06      0.00      0.44      0.00      0.00     99.51
                all      0.05      0.00      0.44      0.00      0.00     99.51
                all      0.04      0.00      0.43      0.00      0.00     99.52
                all      0.04      0.00      0.67      0.07      0.00     99.22
                all      0.05      0.00      0.51      0.00      0.00     99.44
                all      0.05      0.00      0.43      0.00      0.00     99.52
                all      0.04      0.00      0.43      0.00      0.00     99.53
                all      0.01      0.00      0.44      0.00      0.00     99.55
                all      0.02      0.00      0.55      0.00      0.00     99.43
                all      0.01      0.00      0.44      0.00      0.00     99.55
                all      0.02      0.00      0.47      0.00      0.00     99.51
                all      0.01      0.00      0.44      0.00      0.00     99.54
                all      0.02      0.00      0.15      0.00      0.00     99.83
                all      0.01      0.00      0.07      0.00      0.00     99.91
                all      0.02      0.00      0.07      0.00      0.00     99.91
start----
                all      0.09      0.00      1.01      0.01      0.00     98.89
                all      0.07      0.00      2.59      0.01      0.00     97.33
end------
                all      0.01      0.00      0.05      0.00      0.00     99.94
                all      0.12      0.00      0.46      0.00      0.00     99.42
                all      0.12      0.00      0.44      0.00      0.00     99.44
                all      0.12      0.00      0.45      0.00      0.00     99.43
start----
                all      0.09      0.00      1.82      0.02      0.00     98.07
                all      0.08      0.00      1.81      0.01      0.00     98.11
end------
                all      0.03      0.00      0.12      0.00      0.00     99.85
                all      0.12      0.00      0.46      0.00      0.00     99.42
                all      0.11      0.00      0.45      0.08      0.00     99.37
start----
                all      0.11      0.00      0.41      0.00      0.00     99.47
                all      0.10      0.00      2.51      0.01      0.00     97.38
                all      0.05      0.00      1.04      0.00      0.00     98.91
end------
                all      0.06      0.00      0.25      0.00      0.00     99.70
                all      0.12      0.00      0.45      0.00      0.00     99.43
                all      0.11      0.00      0.45      0.00      0.00     99.44
start----
                all      0.14      0.00      0.66      0.02      0.00     99.18
                all      0.04      0.00      3.02      0.00      0.00     96.94
                all      0.06      0.00      3.00      0.00      0.00     96.94
                all      0.06      0.00      0.52      0.00      0.00     99.41
end------
                all      0.05      0.00      0.22      0.00      0.00     99.73
                all      0.11      0.00      0.45      0.00      0.00     99.44
                all      0.11      0.00      0.46      0.07      0.00     99.35
start----
                all      0.11      0.00      0.56      0.02      0.00     99.31
                all      0.04      0.00      3.00      0.00      0.00     96.95
                all      0.05      0.00      3.00      0.00      0.00     96.96
                all      0.05      0.00      0.65      0.00      0.00     99.30
end------
                all      0.06      0.00      0.24      0.00      0.00     99.71
                all      0.12      0.00      0.45      0.00      0.00     99.42
                all      0.12      0.00      0.45      0.00      0.00     99.44
start----
                all      0.14      0.00      0.56      0.02      0.00     99.28
                all      0.03      0.00      3.00      0.00      0.00     96.97
                all      0.06      0.00      2.99      0.00      0.00     96.95
                all      0.04      0.00      0.67      0.00      0.00     99.28
end------
                all      0.08      0.00      0.29      0.00      0.00     99.64
                all      0.11      0.00      0.45      0.00      0.00     99.44
                all      0.12      0.00      0.45      0.00      0.00     99.43
start----
                all      0.14      0.00      0.96      0.01      0.00     98.89
                all      0.06      0.00      3.01      0.00      0.00     96.93
                all      0.04      0.00      3.20      0.00      0.00     96.76
                all      0.42      0.00      3.26      0.01      0.00     96.31
                all      0.35      0.00      2.88      0.02      0.00     96.75
                all      0.39      0.00      2.01      0.00      0.00     97.60
end------
                all      0.01      0.00      0.05      0.00      0.00     99.94
                all      0.12      0.00      0.45      0.00      0.00     99.43
                all      0.11      0.00      0.46      0.00      0.00     99.44
                all      0.11      0.00      0.45      0.00      0.00     99.44
start----
                all      0.10      0.00      2.10      0.01      0.00     97.79
                all      0.15      0.00      3.17      0.01      0.00     96.68
                all      0.03      0.00      3.43      0.00      0.00     96.54
                all      0.15      0.00      3.17      0.00      0.00     96.68
                all      0.37      0.00      2.73      0.00      0.00     96.91
                all      0.43      0.00      0.21      0.01      0.00     99.36
end------
                all      0.06      0.00      0.22      0.00      0.00     99.72
                all      0.12      0.00      0.45      0.00      0.00     99.43
                all      0.11      0.00      0.46      0.00      0.00     99.43
start----
                all      0.16      0.00      0.53      0.02      0.00     99.30
                all      0.04      0.00      3.00      0.00      0.00     96.95
                all      0.04      0.00      3.13      0.00      0.00     96.84
                all      0.08      0.00      3.57      0.00      0.00     96.35
                all      0.52      0.00      2.78      0.00      0.00     96.70
                all      0.57      0.00      2.27      0.00      0.00     97.15
                all      0.03      0.00      0.06      0.00      0.00     99.91
end------
                all      0.09      0.00      0.41      0.00      0.00     99.50
                all      0.12      0.00      0.46      0.02      0.00     99.40
                all      0.11      0.00      0.47      0.06      0.00     99.37
start----
                all      0.11      0.00      1.72      0.02      0.00     98.15
                all      0.04      0.00      3.00      0.00      0.00     96.96
                all      0.05      0.00      3.41      0.00      0.00     96.55
                all      0.03      0.00      3.61      0.00      0.00     96.36
                all      0.04      0.00      3.61      0.00      0.00     96.35
                all      0.04      0.00      3.60      0.00      0.00     96.36
                all      0.03      0.00      1.95      1.62      0.00     96.40
                all      0.43      0.00      2.28      0.70      0.00     96.59
                all      0.02      0.00      3.08      0.00      0.00     96.90
                all      0.02      0.00      3.02      0.00      0.00     96.96
                all      0.53      0.00      1.80      0.00      0.00     97.67
                all      0.02      0.00      0.06      0.00      0.00     99.92
end------
                all      0.11      0.00      0.39      0.00      0.00     99.49
                all      0.13      0.00      0.45      0.00      0.00     99.42
                all      0.11      0.00      0.46      0.00      0.00     99.42
start----
                all      0.11      0.00      1.61      0.02      0.00     98.26
                all      0.05      0.00      3.02      0.00      0.00     96.93
                all      0.04      0.00      3.38      0.00      0.00     96.58
                all      0.04      0.00      3.61      0.00      0.00     96.34
                all      0.03      0.00      3.61      0.00      0.00     96.36
                all      0.04      0.00      3.61      0.00      0.00     96.35
                all      0.04      0.00      2.27      1.30      0.00     96.40
                all      0.29      0.00      2.58      0.47      0.00     96.66
                all      0.03      0.00      3.03      0.00      0.00     96.95
                all      0.03      0.00      3.02      0.00      0.00     96.95
                all      0.21      0.00      1.25      0.00      0.00     98.54
end------
                all      0.04      0.00      0.11      0.00      0.00     99.85
                all      0.13      0.00      0.45      0.00      0.00     99.42
                all      0.13      0.00      0.45      0.08      0.00     99.34
start----
                all      0.11      0.00      0.44      0.00      0.00     99.45
                all      0.10      0.00      2.36      0.02      0.00     97.52
                all      0.04      0.00      3.02      0.00      0.00     96.94
                all      0.04      0.00      3.50      0.00      0.00     96.45
                all      0.04      0.00      3.59      0.00      0.00     96.37
                all      0.04      0.00      3.59      0.00      0.00     96.37
                all      0.04      0.00      3.31      0.26      0.00     96.39
                all      0.28      0.00      2.12      1.32      0.00     96.28
                all      0.07      0.00      3.07      0.00      0.00     96.86
                all      0.03      0.00      3.02      0.00      0.00     96.95
                all      0.04      0.00      3.01      0.00      0.00     96.95
                all      0.23      0.00      0.17      0.00      0.00     99.60
end------
                all      0.12      0.00      0.36      0.00      0.00     99.51
                all      0.11      0.00      0.45      0.00      0.00     99.44
                all      0.12      0.00      0.46      0.00      0.00     99.42
start----
                all      0.17      0.00      2.03      0.02      0.00     97.78
                all      0.09      0.00      3.36      0.00      0.00     96.55
end------
                all      0.06      0.00      0.19      0.00      0.00     99.76
                all      0.12      0.00      0.46      0.00      0.00     99.42
                all      0.13      0.00      0.45      0.00      0.00     99.42
start----
                all      0.11      0.00      0.42      0.00      0.00     99.47
                all      0.18      0.00      5.13      0.01      0.00     94.68
                all      0.04      0.00      0.06      0.00      0.00     99.90
end------
                all      0.12      0.00      0.41      0.00      0.00     99.47
                all      0.13      0.00      0.45      0.00      0.00     99.43
                all      0.11      0.00      0.45      0.00      0.00     99.44
start----
                all      0.17      0.00      2.78      0.02      0.00     97.03
                all      0.07      0.00      2.52      0.00      0.00     97.42
end------
                all      0.07      0.00      0.23      0.00      0.00     99.70
                all      0.13      0.00      0.45      0.00      0.00     99.43
                all      0.11      0.00      0.46      0.00      0.00     99.42
start----
                all      0.13      0.00      0.56      0.01      0.00     99.30
                all      0.16      0.00      5.80      0.00      0.00     94.04
                all      0.05      0.00      3.93      0.00      0.00     96.01
end------
                all      0.03      0.00      0.08      0.00      0.00     99.89
                all      0.11      0.00      0.46      0.00      0.00     99.42
                all      0.13      0.00      0.45      0.08      0.00     99.34
start----
                all      0.12      0.00      0.45      0.00      0.00     99.43
                all      0.17      0.00      4.54      0.01      0.00     95.29
                all      0.10      0.00      5.42      0.00      0.00     94.48
end------
                all      0.03      0.00      0.03      0.00      0.00     99.93
                all      0.13      0.00      0.44      0.00      0.00     99.42
                all      0.13      0.00      0.45      0.00      0.00     99.42
                all      0.11      0.00      0.45      0.00      0.00     99.44
start----
                all      0.18      0.00      3.27      0.03      0.00     96.53
                all      0.06      0.00      5.96      0.00      0.00     93.98
                all      0.05      0.00      0.81      0.00      0.00     99.14
end------
                all      0.10      0.00      0.38      0.00      0.00     99.52
                all      0.11      0.00      0.45      0.00      0.00     99.43
                all      0.13      0.00      0.45      0.00      0.00     99.42
start----
                all      0.20      0.00      1.93      0.01      0.00     97.86
                all      0.05      0.00      6.05      0.00      0.00     93.90
                all      0.18      0.00      6.12      0.00      0.00     93.70
                all      0.03      0.00      5.97      0.00      0.00     94.00
                all      0.16      0.00      0.38      0.00      0.00     99.46
end------
                all      0.09      0.00      0.27      0.00      0.00     99.64
                all      0.13      0.00      0.45      0.00      0.00     99.42
                all      0.13      0.00      0.45      0.06      0.00     99.36
start----
                all      0.20      0.00      1.22      0.03      0.00     98.55
                all      0.06      0.00      5.98      0.00      0.00     93.96
                all      0.26      0.00      6.18      0.00      0.00     93.56
                all      0.03      0.00      5.98      0.00      0.00     93.99
                all      0.19      0.00      1.34      0.00      0.00     98.46
end------
                all      0.07      0.00      0.22      0.00      0.00     99.71
                all      0.12      0.00      0.46      0.00      0.00     99.42
                all      0.13      0.00      0.45      0.00      0.00     99.43
start----
                all      0.11      0.00      0.42      0.01      0.00     99.46
                all      0.19      0.00      5.81      0.01      0.00     93.99
                all      0.23      0.00      6.17      0.00      0.00     93.60
                all      0.03      0.00      6.02      0.00      0.00     93.95
                all      0.20      0.00      2.34      0.00      0.00     97.46
end------
                all      0.06      0.00      0.24      0.00      0.00     99.70
                all      0.13      0.00      0.45      0.00      0.00     99.42
                all      0.23      0.00      0.58      0.01      0.00     99.18
start----
                all      0.13      0.00      0.54      0.02      0.00     99.31
                all      0.13      0.00      5.78      0.00      0.00     94.09
                all      0.06      0.00      6.41      0.00      0.00     93.53
                all      0.06      0.00      6.27      0.27      0.00     93.40
                all      0.04      0.00      3.10      3.40      0.00     93.45
                all      0.93      0.00      3.94      1.39      0.00     93.74
                all      0.04      0.00      5.98      0.00      0.00     93.99
                all      0.04      0.00      5.97      0.00      0.00     93.99
                all      0.22      0.00      4.08      0.01      0.00     95.69
end------
                all      0.02      0.00      0.04      0.00      0.00     99.93
                all      0.14      0.00      0.45      0.00      0.00     99.40
                all      0.14      0.00      0.43      0.00      0.00     99.42
                all      0.11      0.00      0.45      0.00      0.00     99.44
start----
                all      0.17      0.00      3.73      0.02      0.00     96.08
                all      0.07      0.00      6.22      0.00      0.00     93.72
                all      0.07      0.00      6.55      0.00      0.00     93.38
                all      0.07      0.00      4.22      2.30      0.00     93.42
                all      0.92      0.00      2.39      3.07      0.00     93.62
                all      0.02      0.00      6.02      0.00      0.00     93.96
                all      0.01      0.00      5.98      0.00      0.00     94.01
                all      0.03      0.00      5.97      0.00      0.00     94.00
                all      0.21      0.00      0.63      0.00      0.00     99.16
end------
                all      0.07      0.00      0.25      0.00      0.00     99.68
                all      0.13      0.00      0.44      0.00      0.00     99.44
                all      0.12      0.00      0.44      0.00      0.00     99.44
start----
                all      0.19      0.00      0.90      0.03      0.00     98.88
                all      0.06      0.00      5.96      0.00      0.00     93.98
                all      0.04      0.00      6.44      0.00      0.00     93.51
                all      0.05      0.00      5.91      0.51      0.00     93.54
                all      0.02      0.00      2.65      3.64      0.00     93.69
                all      0.72      0.00      4.64      0.83      0.00     93.82
                all      0.01      0.00      5.97      0.00      0.00     94.02
                all      0.03      0.00      5.98      0.00      0.00     94.00
                all      0.22      0.00      3.00      0.00      0.00     96.78
end------
                all      0.04      0.00      0.18      0.00      0.00     99.77
                all      0.12      0.00      0.44      0.00      0.00     99.44
                all      0.13      0.00      0.43      0.00      0.00     99.44
