
Linux 5.2.8200225+ (knl03.kisti.re.kr) 	2020년 04월 15일 	_x86_64_	(272 CPU)

                CPU     %user     %nice   %system   %iowait    %steal     %idle
                all      0.03      0.00      0.11      0.00      0.00     99.86
                all      0.02      0.00      0.09      0.15      0.00     99.74
                all      0.02      0.00      0.07      0.37      0.00     99.54
                all      0.01      0.00      0.07      0.37      0.00     99.55
                all      0.01      0.00      0.08      0.19      0.00     99.71
                all      0.02      0.00      0.14      0.25      0.00     99.59
                all      0.03      0.00      0.10      0.05      0.00     99.83
                all      0.03      0.00      0.13      0.08      0.00     99.77
                all      0.09      0.00      0.19      0.00      0.00     99.72
                all      0.04      0.00      0.30      0.01      0.00     99.65
                all      0.02      0.00      0.47      0.00      0.00     99.51
                all      0.02      0.00      0.08      0.00      0.00     99.90
                all      0.01      0.00      0.07      0.00      0.00     99.91
                all      0.02      0.00      0.07      0.00      0.00     99.91
start----
                all      0.28      0.00      3.30      0.01      0.00     96.40
                all      0.15      0.00      5.95      0.00      0.00     93.89
end------
                all      0.04      0.00      0.17      0.00      0.00     99.80
                all      0.11      0.00      0.46      0.00      0.00     99.43
                all      0.12      0.00      0.45      0.07      0.00     99.35
start----
                all      0.11      0.00      0.40      0.00      0.00     99.48
                all      0.39      0.00      9.23      0.01      0.00     90.36
end------
                all      0.01      0.00      0.06      0.00      0.00     99.93
                all      0.10      0.00      0.44      0.00      0.00     99.46
                all      0.11      0.00      0.47      0.00      0.00     99.42
                all      0.11      0.00      0.46      0.00      0.00     99.42
start----
                all      0.33      0.00      5.87      0.03      0.00     93.77
                all      0.07      0.00      3.57      0.00      0.00     96.35
end------
                all      0.05      0.00      0.25      0.00      0.00     99.70
                all      0.11      0.00      0.46      0.00      0.00     99.43
                all      0.11      0.00      0.46      0.07      0.00     99.35
start----
                all      0.32      0.00      1.13      0.01      0.00     98.55
                all      0.07      0.00     11.84      0.00      0.00     88.09
                all      0.06      0.00      4.92      0.00      0.00     95.02
end------
                all      0.04      0.00      0.23      0.00      0.00     99.73
                all      0.11      0.00      0.46      0.00      0.00     99.43
                all      0.10      0.00      0.47      0.07      0.00     99.35
start----
                all      0.14      0.00      0.81      0.04      0.00     99.02
                all      0.49      0.00     11.06      0.00      0.00     88.45
                all      0.07      0.00      6.15      0.00      0.00     93.79
end------
                all      0.03      0.00      0.17      0.00      0.00     99.79
                all      0.10      0.00      0.47      0.00      0.00     99.42
                all      0.13      0.00      0.46      0.00      0.00     99.40
start----
                all      0.11      0.00      0.41      0.00      0.00     99.48
                all      0.55      0.00     10.28      0.02      0.00     89.15
                all      0.07      0.00      7.51      0.00      0.00     92.41
end------
                all      0.03      0.00      0.14      0.00      0.00     99.84
                all      0.11      0.00      0.46      0.00      0.00     99.42
                all      0.11      0.00      0.46      0.00      0.00     99.43
start----
                all      0.10      0.00      0.45      0.00      0.00     99.44
                all      0.30      0.00      8.83      0.01      0.00     90.85
                all      0.49      0.00     11.78      0.00      0.00     87.73
                all      0.02      0.00     11.88      0.00      0.00     88.09
                all      0.10      0.00      2.86      0.00      0.00     97.04
end------
                all      0.04      0.00      0.18      0.00      0.00     99.78
                all      0.11      0.00      0.46      0.00      0.00     99.43
                all      0.11      0.00      0.47      0.07      0.00     99.35
start----
                all      0.11      0.00      0.41      0.01      0.00     99.47
                all      0.31      0.00     11.26      0.02      0.00     88.41
                all      0.47      0.00     11.71      0.00      0.00     87.83
                all      0.02      0.00     11.87      0.00      0.00     88.11
                all      0.12      0.00      0.51      0.00      0.00     99.37
end------
                all      0.07      0.00      0.27      0.00      0.00     99.65
                all      0.12      0.00      0.45      0.00      0.00     99.43
                all      0.11      0.00      0.46      0.00      0.00     99.42
start----
                all      0.31      0.00      2.08      0.02      0.00     97.58
                all      0.07      0.00     12.03      0.00      0.00     87.90
                all      0.09      0.00     11.92      0.00      0.00     87.99
                all      0.09      0.00      9.36      0.00      0.00     90.55
                all      0.02      0.00      0.06      0.00      0.00     99.92
end------
                all      0.10      0.00      0.41      0.00      0.00     99.49
                all      0.11      0.00      0.46      0.00      0.00     99.44
                all      0.11      0.00      0.47      0.00      0.00     99.41
start----
                all      0.31      0.00      4.77      0.02      0.00     94.89
                all      0.06      0.00     12.23      0.00      0.00     87.72
                all      0.05      0.00     11.29      1.17      0.00     87.49
                all      2.69      0.00      3.50      6.08      0.00     87.73
                all      2.36      0.00      9.68      0.07      0.00     87.89
                all      0.01      0.00     11.88      0.00      0.00     88.11
                all      0.02      0.00     11.87      0.00      0.00     88.11
                all      0.81      0.00      6.80      0.00      0.00     92.40
end------
                all      0.01      0.00      0.04      0.00      0.00     99.95
                all      0.11      0.00      0.44      0.00      0.00     99.45
                all      0.12      0.00      0.46      0.03      0.00     99.39
                all      0.11      0.00      0.45      0.04      0.00     99.39
start----
                all      0.27      0.00      6.20      0.02      0.00     93.50
                all      0.06      0.00     12.25      0.00      0.00     87.68
                all      0.04      0.00      9.50      2.88      0.00     87.58
                all      1.88      0.00      2.94      7.36      0.00     87.82
                all      3.55      0.00      8.44      0.16      0.00     87.85
                all      0.01      0.00     11.87      0.00      0.00     88.12
                all      0.02      0.00     11.88      0.00      0.00     88.10
                all      0.78      0.00      8.63      0.00      0.00     90.59
                all      0.03      0.00      0.06      0.00      0.00     99.91
end------
                all      0.09      0.00      0.40      0.00      0.00     99.51
                all      0.11      0.00      0.45      0.00      0.00     99.43
                all      0.11      0.00      0.46      0.00      0.00     99.42
start----
                all      0.30      0.00      4.55      0.02      0.00     95.13
                all      0.05      0.00     12.17      0.00      0.00     87.78
                all      0.06      0.00     10.21      2.18      0.00     87.56
                all      0.03      0.00      3.04      9.22      0.00     87.71
                all      3.15      0.00      8.42      0.55      0.00     87.88
                all      0.04      0.00     11.89      0.00      0.00     88.07
                all      0.01      0.00     11.87      0.00      0.00     88.12
                all      0.64      0.00      8.75      0.00      0.00     90.60
end------
                all      0.02      0.00      0.09      0.00      0.00     99.89
                all      0.11      0.00      0.46      0.00      0.00     99.43
                all      0.11      0.00      0.46      0.00      0.00     99.42
                all      0.11      0.00      0.46      0.00      0.00     99.43
start----
                all      0.72      0.00     13.13      0.11      0.00     86.04
                all      0.13      0.00      6.19      0.00      0.00     93.67
end------
                all      0.06      0.00      0.24      0.00      0.00     99.70
                all      0.11      0.00      0.47      0.00      0.00     99.42
                all      0.12      0.00      0.45      0.07      0.00     99.36
start----
                all      0.40      0.00      2.12      0.06      0.00     97.42
                all      0.47      0.00     17.22      0.01      0.00     82.31
end------
                all      0.00      0.00      0.04      0.00      0.00     99.95
                all      0.11      0.00      0.46      0.00      0.00     99.43
                all      0.11      0.00      0.45      0.07      0.00     99.37
                all      0.11      0.00      0.46      0.00      0.00     99.43
start----
                all      0.81      0.00     13.15      0.05      0.00     85.99
                all      0.14      0.00      5.82      0.00      0.00     94.04
end------
                all      0.07      0.00      0.25      0.00      0.00     99.68
                all      0.11      0.00      0.46      0.00      0.00     99.42
                all      0.12      0.00      0.45      0.07      0.00     99.36
start----
                all      0.57      0.00      2.10      0.05      0.00     97.28
                all      0.29      0.00     23.31      0.00      0.00     76.40
                all      0.14      0.00     10.27      0.00      0.00     89.59
end------
                all      0.05      0.00      0.22      0.00      0.00     99.73
                all      0.11      0.00      0.45      0.00      0.00     99.44
                all      0.11      0.00      0.46      0.00      0.00     99.43
start----
                all      0.11      0.00      0.39      0.01      0.00     99.48
                all      0.75      0.00     20.49      0.04      0.00     78.72
                all      0.16      0.00     14.68      0.00      0.00     85.16
end------
                all      0.02      0.00      0.09      0.00      0.00     99.89
                all      0.11      0.00      0.46      0.00      0.00     99.43
                all      0.11      0.00      0.46      0.07      0.00     99.35
start----
                all      0.10      0.00      0.45      0.00      0.00     99.44
                all      0.68      0.00     16.18      0.10      0.00     83.04
                all      0.28      0.00     19.26      0.00      0.00     80.45
end------
                all      0.00      0.00      0.03      0.01      0.00     99.96
                all      0.10      0.00      0.44      0.00      0.00     99.46
                all      0.11      0.00      0.46      0.04      0.00     99.38
                all      0.11      0.00      0.46      0.03      0.00     99.39
start----
                all      0.68      0.00     11.75      0.04      0.00     87.52
                all      0.91      0.00     23.08      0.00      0.00     76.02
                all      0.01      0.00     23.70      0.00      0.00     76.29
                all      0.33      0.00     11.53      0.00      0.00     88.13
end------
                all      0.01      0.00      0.06      0.00      0.00     99.93
                all      0.12      0.00      0.45      0.00      0.00     99.43
                all      0.11      0.00      0.45      0.07      0.00     99.36
                all      0.12      0.00      0.45      0.00      0.00     99.43
start----
                all      0.69      0.00     14.91      0.04      0.00     84.36
                all      0.86      0.00     23.17      0.00      0.00     75.96
                all      0.01      0.00     23.69      0.00      0.00     76.30
                all      0.27      0.00      8.07      0.01      0.00     91.65
end------
                all      0.04      0.00      0.17      0.00      0.00     99.79
                all      0.11      0.00      0.45      0.00      0.00     99.43
                all      0.12      0.00      0.45      0.00      0.00     99.43
start----
                all      0.10      0.00      0.42      0.00      0.00     99.48
                all      0.76      0.00     18.36      0.06      0.00     80.83
                all      0.35      0.00     23.65      0.00      0.00     76.00
                all      0.04      0.00     23.71      0.00      0.00     76.25
                all      0.34      0.00      4.33      0.00      0.00     95.32
end------
                all      0.09      0.00      0.35      0.00      0.00     99.56
                all      0.12      0.00      0.47      0.00      0.00     99.41
                all      0.11      0.00      0.45      0.00      0.00     99.44
start----
                all      0.78      0.00      3.38      0.09      0.00     95.75
                all      0.06      0.00     23.86      0.00      0.00     76.09
                all      0.05      0.00     24.23      0.00      0.00     75.72
                all      6.50      0.00      8.54      9.01      0.00     75.95
                all      1.42      0.00     22.20      0.03      0.00     76.36
                all      0.02      0.00     23.71      0.00      0.00     76.27
                all      0.02      0.00     23.70      0.00      0.00     76.28
                all      0.69      0.00      8.85      0.00      0.00     90.45
end------
                all      0.04      0.00      0.20      0.00      0.00     99.76
                all      0.11      0.00      0.45      0.00      0.00     99.44
                all      0.10      0.00      0.47      0.00      0.00     99.43
start----
                all      0.10      0.00      0.49      0.01      0.00     99.39
                all      0.68      0.00     21.43      0.04      0.00     77.84
                all      0.06      0.00     24.20      0.00      0.00     75.74
                all      3.31      0.00     15.39      5.19      0.00     76.11
                all      0.02      0.00     23.71      0.00      0.00     76.27
                all      0.01      0.00     23.70      0.00      0.00     76.28
                all      0.02      0.00     23.71      0.00      0.00     76.28
                all      0.58      0.00      5.12      0.01      0.00     94.30
end------
                all      0.06      0.00      0.28      0.00      0.00     99.66
                all      0.10      0.00      0.46      0.00      0.00     99.44
                all      0.12      0.00      0.45      0.07      0.00     99.36
start----
                all      0.69      0.00      2.17      0.05      0.00     97.08
                all      0.06      0.00     23.81      0.00      0.00     76.13
                all      0.06      0.00     24.22      0.00      0.00     75.72
                all      5.53      0.00      9.40      9.16      0.00     75.90
                all      2.55      0.00     21.23      0.05      0.00     76.17
                all      0.02      0.00     23.71      0.00      0.00     76.28
                all      0.01      0.00     23.70      0.00      0.00     76.28
                all      0.33      0.00      9.87      0.00      0.00     89.80
end------
                all      0.05      0.00      0.21      0.00      0.00     99.74
                all      0.10      0.00      0.46      0.00      0.00     99.43
                all      0.12      0.00      0.45      0.00      0.00     99.43
start----
                all      0.10      0.00      0.42      0.01      0.00     99.48
                all      2.44      0.00     36.67      0.04      0.00     60.85
                all      0.50      0.00     16.34      0.00      0.00     83.16
end------
                all      0.03      0.00      0.18      0.00      0.00     99.79
                all      0.11      0.00      0.45      0.00      0.00     99.44
                all      0.10      0.00      0.47      0.07      0.00     99.35
start----
                all      0.10      0.00      0.44      0.01      0.00     99.45
                all      2.51      0.00     36.09      0.09      0.00     61.32
                all      0.51      0.00     15.31      0.00      0.00     84.18
end------
                all      0.05      0.00      0.20      0.00      0.00     99.75
                all      0.11      0.00      0.46      0.00      0.00     99.43
                all      0.11      0.00      0.46      0.00      0.00     99.43
start----
                all      0.13      0.00      0.77      0.03      0.00     99.08
                all      2.39      0.00     37.44      0.06      0.00     60.11
                all      0.57      0.00     13.69      0.00      0.00     85.73
end------
                all      0.06      0.00      0.22      0.00      0.00     99.73
                all      0.11      0.00      0.45      0.00      0.00     99.44
                all      0.11      0.00      0.45      0.07      0.00     99.36
start----
                all      0.22      0.00      1.67      0.04      0.00     98.07
                all      2.26      0.00     38.79      0.04      0.00     58.91
                all      0.15      0.00     45.99      0.00      0.00     53.86
                all      0.53      0.00      6.35      0.00      0.00     93.12
end------
                all      0.09      0.00      0.28      0.00      0.00     99.63
                all      0.12      0.00      0.44      0.00      0.00     99.44
                all      0.12      0.00      0.45      0.00      0.00     99.43
start----
                all      1.01      0.00      4.31      0.10      0.00     94.59
                all      1.66      0.00     43.65      0.02      0.00     54.67
                all      0.47      0.00     44.67      0.00      0.00     54.85
                all      0.03      0.00      0.16      0.00      0.00     99.81
end------
                all      0.08      0.00      0.35      0.00      0.00     99.57
                all      0.11      0.00      0.45      0.00      0.00     99.44
                all      0.11      0.00      0.46      0.00      0.00     99.42
start----
                all      1.30      0.00      6.88      0.07      0.00     91.76
                all      1.26      0.00     44.99      0.03      0.00     53.72
                all      0.53      0.00     41.03      0.00      0.00     58.44
                all      0.02      0.00      0.06      0.00      0.00     99.92
end------
                all      0.10      0.00      0.40      0.00      0.00     99.50
                all      0.12      0.00      0.45      0.00      0.00     99.43
                all      0.13      0.00      0.45      0.00      0.00     99.42
start----
                all      2.32      0.00     12.82      0.07      0.00     84.78
                all      0.05      0.00     47.44      0.00      0.00     52.51
                all      0.40      0.00     46.25      0.00      0.00     53.34
                all      0.02      0.00     46.25      0.00      0.00     53.74
                all      0.69      0.00     23.68      0.00      0.00     75.63
end------
                all      0.01      0.00      0.04      0.00      0.00     99.95
                all      0.10      0.00      0.46      0.00      0.00     99.44
                all      0.11      0.00      0.46      0.00      0.00     99.43
                all      0.11      0.00      0.46      0.00      0.00     99.44
start----
                all      2.05      0.00     21.10      0.04      0.00     76.80
                all      0.04      0.00     47.52      0.00      0.00     52.43
                all      1.05      0.00     45.02      0.00      0.00     53.94
                all      0.02      0.00     46.24      0.00      0.00     53.74
                all      0.97      0.00     16.14      0.00      0.00     82.89
end------
                all      0.04      0.00      0.16      0.00      0.00     99.79
                all      0.12      0.00      0.45      0.00      0.00     99.43
                all      0.11      0.00      0.45      0.00      0.00     99.44
start----
                all      0.10      0.00      0.40      0.00      0.00     99.49
                all      2.31      0.00     36.56      0.08      0.00     61.04
                all      0.22      0.00     46.24      0.02      0.00     53.52
                all      0.01      0.00     46.35      0.00      0.00     53.63
                all      1.44      0.00     44.66      0.00      0.00     53.89
                all      0.04      0.00      1.32      0.00      0.00     98.64
end------
                all      0.07      0.00      0.29      0.00      0.00     99.64
                all      0.12      0.00      0.44      0.00      0.00     99.44
                all      0.12      0.00      0.45      0.00      0.00     99.43
start----
                all      0.38      0.00      3.86      0.06      0.00     95.71
                all      1.97      0.00     40.49      0.04      0.00     57.50
                all      0.06      0.00     47.80      0.00      0.00     52.14
                all      0.04      0.00     47.83      0.00      0.00     52.12
                all      0.33      0.00     45.17      0.03      0.00     54.47
                all      0.02      0.00     46.36      0.00      0.00     53.62
                all      0.02      0.00     46.24      0.00      0.00     53.74
                all      0.02      0.00     45.93      0.00      0.00     54.05
                all      2.71      0.00     19.72      0.00      0.00     77.56
end------
                all      0.03      0.00      0.14      0.00      0.00     99.83
                all      0.12      0.00      0.45      0.00      0.00     99.43
                all      0.11      0.00      0.46      0.07      0.00     99.36
start----
                all      0.11      0.00      0.41      0.00      0.00     99.48
                all      2.04      0.00     32.10      0.08      0.00     65.77
                all      0.04      0.00     47.68      0.00      0.00     52.27
                all      0.05      0.00     47.84      0.00      0.00     52.11
                all      0.32      0.00     46.06      0.00      0.00     53.61
                all      0.05      0.00     46.44      0.00      0.00     53.51
                all      0.02      0.00     46.24      0.00      0.00     53.75
                all      0.02      0.00     46.05      0.00      0.00     53.93
                all      2.38      0.00     34.14      0.00      0.00     63.47
end------
                all      0.01      0.00      0.04      0.00      0.00     99.94
                all      0.11      0.00      0.43      0.00      0.00     99.46
                all      0.11      0.00      0.46      0.00      0.00     99.43
                all      0.12      0.00      0.45      0.00      0.00     99.43
start----
                all      2.26      0.00     17.06      0.08      0.00     80.60
                all      0.04      0.00     47.46      0.00      0.00     52.50
                all      0.06      0.00     47.81      0.00      0.00     52.13
                all      0.39      0.00     46.21      0.01      0.00     53.39
                all      0.01      0.00     46.52      0.00      0.00     53.47
                all      0.01      0.00     46.36      0.00      0.00     53.62
                all      0.02      0.00     46.05      0.00      0.00     53.94
                all      1.85      0.00     44.07      0.00      0.00     54.09
                all      1.05      0.00      3.48      0.00      0.00     95.47
end------
                all      0.05      0.00      0.22      0.00      0.00     99.73
                all      0.12      0.00      0.45      0.00      0.00     99.43
                all      0.11      0.00      0.45      0.00      0.00     99.43
start----
                all      0.14      0.00      1.30      0.04      0.00     98.52
                all      9.93      0.00     50.96      0.20      0.00     38.91
                all      1.17      0.00     89.85      0.00      0.00      8.98
                all      4.12      0.00     27.50      0.00      0.00     68.37
end------
                all      0.01      0.00      0.03      0.00      0.00     99.96
                all      0.12      0.00      0.45      0.00      0.00     99.43
                all      0.12      0.00      0.45      0.07      0.00     99.36
                all      0.12      0.00      0.45      0.01      0.00     99.42
start----
                all      2.78      0.00     25.14      0.14      0.00     71.94
                all      8.30      0.00     81.44      0.06      0.00     10.20
                all      5.40      0.00     58.17      0.00      0.00     36.44
                all      0.03      0.00      0.12      0.00      0.00     99.85
end------
                all      0.08      0.00      0.34      0.00      0.00     99.58
                all      0.11      0.00      0.45      0.00      0.00     99.44
                all      0.11      0.00      0.45      0.07      0.00     99.36
start----
                all      0.95      0.00     13.10      0.19      0.00     85.76
                all      9.11      0.00     65.01      0.11      0.00     25.77
                all      6.10      0.00     82.36      0.01      0.00     11.54
                all      0.42      0.00     11.63      0.00      0.00     87.95
end------
                all      0.03      0.00      0.18      0.00      0.00     99.78
                all      0.12      0.00      0.46      0.00      0.00     99.42
                all      0.13      0.00      0.45      0.08      0.00     99.34
start----
                all      0.10      0.00      0.41      0.00      0.00     99.49
                all      9.96      0.00     43.02      0.19      0.00     46.83
                all      0.18      0.00     94.32      0.00      0.00      5.50
                all      1.65      0.00     84.54      0.00      0.00     13.81
                all      5.09      0.00     55.04      0.00      0.00     39.87
                all      0.03      0.00      0.12      0.00      0.00     99.85
end------
                all      0.06      0.00      0.27      0.00      0.00     99.67
                all      0.12      0.00      0.45      0.00      0.00     99.43
                all      0.12      0.00      0.46      0.00      0.00     99.42
start----
                all      0.46      0.00      6.09      0.06      0.00     93.39
                all      9.19      0.00     56.57      0.12      0.00     34.12
                all      0.86      0.00     92.20      0.00      0.00      6.94
                all      0.05      0.00     87.47      0.00      0.00     12.47
                all      4.75      0.00     36.67      0.00      0.00     58.59
                all      0.02      0.00      0.06      0.00      0.00     99.92
end------
                all      0.09      0.00      0.37      0.00      0.00     99.54
                all      0.13      0.00      0.45      0.00      0.00     99.43
                all      0.13      0.00      0.44      0.00      0.00     99.43
start----
                all      0.99      0.00     11.31      0.05      0.00     87.65
                all      8.31      0.00     69.53      0.13      0.00     22.04
                all      0.89      0.00     91.25      0.00      0.00      7.86
                all      0.04      0.00     87.50      0.02      0.00     12.44
                all      3.81      0.00     22.28      0.00      0.00     73.91
end------
                all      0.03      0.00      0.11      0.00      0.00     99.86
                all      0.12      0.00      0.45      0.00      0.00     99.44
                all      0.12      0.00      0.45      0.00      0.00     99.43
start----
                all      0.13      0.00      0.43      0.00      0.00     99.44
                all      4.31      0.00     31.75      0.14      0.00     63.79
                all      5.95      0.00     86.01      0.06      0.00      7.98
                all      0.04      0.00     94.72      0.00      0.00      5.23
                all      1.00      0.00     87.44      0.00      0.00     11.56
                all      0.04      0.00     87.44      0.00      0.00     12.51
                all      0.04      0.00     87.23      0.00      0.00     12.72
                all      4.59      0.00     29.78      0.01      0.00     65.62
end------
                all      0.00      0.00      0.03      0.00      0.00     99.96
                all      0.12      0.00      0.45      0.00      0.00     99.43
                all      0.12      0.00      0.44      0.06      0.00     99.38
                all      0.12      0.00      0.45      0.01      0.00     99.42
start----
                all      4.03      0.00     23.34      0.07      0.00     72.56
                all      6.82      0.00     79.79      0.03      0.00     13.35
                all      0.05      0.00     94.67      0.00      0.00      5.29
                all      1.37      0.00     88.05      0.00      0.00     10.59
                all      0.04      0.00     87.46      0.00      0.00     12.50
                all      0.04      0.00     87.12      0.00      0.00     12.84
                all      5.92      0.00     42.47      0.00      0.00     51.61
                all      0.02      0.00      0.06      0.00      0.00     99.92
end------
                all      0.10      0.00      0.39      0.00      0.00     99.51
                all      0.11      0.00      0.46      0.00      0.00     99.43
                all      0.13      0.00      0.45      0.00      0.00     99.42
start----
                all      2.60      0.00     14.02      0.11      0.00     83.27
                all      6.82      0.00     79.76      0.03      0.00     13.39
                all      0.05      0.00     94.63      0.00      0.00      5.32
                all      0.89      0.00     89.21      0.00      0.00      9.89
                all      0.04      0.00     87.47      0.00      0.00     12.48
                all      0.05      0.00     87.04      0.00      0.00     12.91
                all      6.43      0.00     50.49      0.00      0.00     43.08
                all      0.03      0.00      0.09      0.00      0.00     99.88
end------
                all      0.09      0.00      0.37      0.00      0.00     99.54
                all      0.13      0.00      0.45      0.00      0.00     99.42
                all      0.12      0.00      0.45      0.00      0.00     99.44
start----
                all      0.99      0.00     10.21      0.04      0.00     88.76
                all      8.26      0.00     71.35      0.09      0.00     20.29
                all      0.06      0.00     94.58      0.00      0.00      5.37
                all      0.05      0.00     94.87      0.00      0.00      5.08
                all      0.05      0.00     94.85      0.00      0.00      5.09
                all      0.75      0.00     91.68      0.00      0.00      7.57
                all      0.04      0.00     87.83      0.00      0.00     12.13
                all      0.04      0.00     87.67      0.00      0.00     12.29
                all      0.07      0.00     87.32      0.00      0.00     12.61
                all      0.05      0.00     87.09      0.00      0.00     12.87
                all      0.05      0.00     86.80      0.00      0.00     13.15
                all      6.14      0.00     70.58      0.01      0.00     23.28
                all      0.04      0.00      1.49      0.00      0.00     98.47
end------
                all      0.04      0.00      0.16      0.00      0.00     99.80
                all      0.13      0.00      0.44      0.00      0.00     99.43
                all      0.12      0.00      0.44      0.07      0.00     99.37
start----
                all      0.12      0.00      0.38      0.00      0.00     99.49
                all      9.18      0.00     45.15      0.32      0.00     45.35
                all      0.42      0.00     94.14      0.00      0.00      5.45
                all      0.05      0.00     94.70      0.00      0.00      5.26
                all      0.05      0.00     94.85      0.00      0.00      5.09
                all      0.04      0.00     94.84      0.00      0.00      5.11
                all      3.38      0.00     83.87      0.01      0.00     12.73
                all      0.12      0.00     88.25      0.00      0.00     11.63
                all      0.04      0.00     87.27      0.00      0.00     12.69
                all      0.04      0.00     87.13      0.00      0.00     12.82
                all      0.05      0.00     86.88      0.00      0.00     13.07
                all      0.05      0.00     86.70      0.00      0.00     13.25
                all      4.47      0.00     27.14      0.00      0.00     68.38
end------
                all      0.02      0.00      0.06      0.00      0.00     99.92
                all      0.10      0.00      0.42      0.00      0.00     99.47
                all      0.14      0.00      0.42      0.00      0.00     99.44
                all      0.14      0.00      0.42      0.00      0.00     99.43
start----
                all      1.24      0.00     11.60      0.05      0.00     87.11
                all      8.12      0.00     76.61      0.12      0.00     15.15
                all      0.05      0.00     94.58      0.00      0.00      5.37
                all      0.05      0.00     94.83      0.00      0.00      5.12
                all      0.05      0.00     94.86      0.00      0.00      5.09
                all      0.93      0.00     91.47      0.00      0.00      7.60
                all      0.03      0.00     87.73      0.00      0.00     12.24
                all      0.03      0.00     87.30      0.00      0.00     12.66
                all      0.05      0.00     87.02      0.00      0.00     12.93
                all      0.04      0.00     87.22      0.00      0.00     12.74
                all      0.05      0.00     86.83      0.00      0.00     13.12
                all      6.50      0.00     69.62      0.00      0.00     23.88
                all      0.03      0.00      0.92      0.00      0.00     99.04
end------
                all      0.04      0.00      0.19      0.00      0.00     99.77
                all      0.12      0.00      0.44      0.00      0.00     99.44
                all      0.12      0.00      0.46      0.08      0.00     99.34
                all      0.11      0.00      0.39      0.00      0.00     99.49
End of data collecting unexpected
