
Linux 5.2.8200225+ (knl03.kisti.re.kr) 	2020년 03월 26일 	_x86_64_	(68 CPU)

                CPU     %user     %nice   %system   %iowait    %steal     %idle
                all      0.13      0.00      0.32      0.00      0.00     99.54
                all      0.09      0.00      0.25      0.59      0.00     99.07
                all      0.07      0.00      0.21      1.47      0.00     98.25
                all      0.04      0.00      0.22      1.47      0.00     98.26
                all      0.06      0.00      0.27      1.40      0.00     98.28
                all      0.06      0.00      0.47      1.02      0.00     98.45
                all      0.09      0.00      0.32      0.22      0.00     99.37
                all      0.13      0.00      0.29      0.03      0.00     99.54
                all      0.34      0.00      0.67      0.06      0.00     98.93
                all      0.06      0.00      0.24      0.00      0.00     99.70
                all      0.06      0.00      0.21      0.00      0.00     99.73
                all      0.04      0.00      0.25      0.00      0.00     99.71
                all      0.78      0.00      2.36      0.04      0.00     96.82
                all      0.07      0.00      0.28      0.03      0.00     99.62
                all      0.06      0.00      0.21      0.00      0.00     99.73
                all      0.06      0.00      0.22      0.00      0.00     99.72
                all      0.06      0.00      0.22      0.00      0.00     99.72
                all      0.04      0.00      0.25      0.00      0.00     99.71
start----
                all      1.22      0.00      1.98      0.07      0.00     96.73
                all      0.07      0.00      0.13      0.03      0.00     99.77
end------
                all      0.36      0.00      1.58      0.00      0.00     98.06
                all      0.50      0.00      1.71      0.00      0.00     97.79
                all      0.45      0.00      1.81      0.00      0.00     97.74
                all      0.47      0.00      1.77      0.00      0.00     97.76
start----
                all      1.15      0.00      2.13      0.10      0.00     96.61
end------
                all      0.03      0.00      0.13      0.00      0.00     99.84
                all      0.45      0.00      1.75      0.00      0.00     97.80
                all      0.44      0.00      1.81      0.01      0.00     97.73
                all      0.43      0.00      1.79      0.00      0.00     97.78
                all      0.46      0.00      1.77      0.00      0.00     97.77
start----
                all      1.16      0.00      2.14      0.09      0.00     96.61
end------
                all      0.16      0.00      0.52      0.01      0.00     99.30
                all      0.50      0.00      1.72      0.00      0.00     97.78
                all      0.83      0.00      2.30      0.03      0.00     96.83
                all      0.45      0.00      1.78      0.00      0.00     97.77
                all      0.41      0.00      1.59      0.00      0.00     98.00
start----
                all      0.97      0.00      1.75      0.10      0.00     97.18
end------
                all      0.22      0.00      0.79      0.00      0.00     98.99
                all      0.46      0.00      1.78      0.00      0.00     97.76
                all      0.45      0.00      1.79      0.27      0.00     97.49
                all      0.46      0.00      1.77      0.00      0.00     97.77
start----
                all      1.19      0.00      2.58      0.04      0.00     96.19
                all      0.41      0.00      0.50      0.01      0.00     99.08
end------
                all      0.37      0.00      1.51      0.00      0.00     98.12
                all      0.46      0.00      1.75      0.00      0.00     97.79
                all      0.49      0.00      1.93      0.01      0.00     97.57
                all      0.45      0.00      1.80      0.00      0.00     97.76
start----
                all      0.88      0.00      2.47      0.10      0.00     96.55
end------
                all      0.12      0.00      0.49      0.00      0.00     99.39
                all      0.43      0.00      1.77      0.00      0.00     97.80
                all      0.49      0.00      1.75      0.00      0.00     97.76
                all      0.47      0.00      1.72      0.00      0.00     97.80
                all      0.36      0.00      1.60      0.00      0.00     98.04
start----
                all      1.16      0.00      1.95      0.07      0.00     96.82
end------
                all      0.21      0.00      0.80      0.00      0.00     98.99
                all      0.45      0.00      1.77      0.00      0.00     97.79
                all      0.43      0.00      1.78      0.00      0.00     97.79
                all      0.46      0.00      1.75      0.00      0.00     97.79
start----
                all      0.33      0.00      1.30      0.01      0.00     98.36
                all      1.19      0.00      1.89      0.07      0.00     96.85
end------
                all      0.30      0.00      1.07      0.00      0.00     98.63
                all      0.43      0.00      1.79      0.00      0.00     97.78
                all      0.44      0.00      1.79      0.01      0.00     97.75
                all      0.45      0.00      1.80      0.00      0.00     97.76
start----
                all      1.14      0.00      2.70      0.06      0.00     96.10
end------
                all      0.00      0.00      0.09      0.00      0.00     99.91
                all      0.46      0.00      1.77      0.00      0.00     97.77
                all      0.49      0.00      1.72      0.00      0.00     97.79
                all      0.45      0.00      1.78      0.00      0.00     97.77
                all      0.49      0.00      1.74      0.00      0.00     97.77
start----
                all      1.23      0.00      2.03      0.09      0.00     96.65
end------
                all      0.10      0.00      0.41      0.00      0.00     99.48
                all      0.45      0.00      1.78      0.00      0.00     97.77
                all      0.46      0.00      1.78      0.00      0.00     97.76
                all      0.45      0.00      1.77      0.00      0.00     97.79
                all      0.47      0.00      1.75      0.01      0.00     97.76
                all      1.43      0.00      3.39      0.07      0.00     95.11
                all      0.46      0.00      1.76      0.01      0.00     97.77
                all      0.46      0.00      1.76      0.00      0.00     97.78
                all      0.42      0.00      1.84      0.00      0.00     97.75
                all      0.42      0.00      1.80      0.00      0.00     97.79
                all      0.47      0.00      1.72      0.00      0.00     97.80
start----
                all      1.32      0.00      2.66      0.10      0.00     95.92
                all      0.07      0.00      0.15      0.00      0.00     99.78
end------
                all      0.43      0.00      1.61      0.00      0.00     97.96
                all      0.46      0.00      1.75      0.00      0.00     97.79
                all      0.46      0.00      1.80      0.01      0.00     97.73
                all      0.47      0.00      1.74      0.00      0.00     97.79
start----
                all      1.09      0.00      2.25      0.07      0.00     96.59
end------
                all      0.04      0.00      0.16      0.00      0.00     99.79
                all      0.43      0.00      1.78      0.00      0.00     97.79
                all      0.50      0.00      1.78      0.00      0.00     97.71
                all      0.46      0.00      1.75      0.00      0.00     97.79
                all      0.47      0.00      1.77      0.00      0.00     97.76
start----
                all      1.22      0.00      1.99      0.09      0.00     96.70
end------
                all      0.21      0.00      0.97      0.00      0.00     98.82
                all      0.45      0.00      1.77      0.00      0.00     97.79
                all      0.46      0.00      1.77      0.00      0.00     97.77
                all      0.45      0.00      1.77      0.00      0.00     97.79
start----
                all      0.37      0.00      1.29      0.01      0.00     98.33
                all      0.95      0.00      1.71      0.09      0.00     97.25
end------
                all      0.30      0.00      1.19      0.00      0.00     98.51
                all      0.45      0.00      1.77      0.00      0.00     97.79
                all      0.45      0.00      1.82      0.00      0.00     97.73
                all      0.47      0.00      1.72      0.00      0.00     97.80
start----
                all      1.40      0.00      2.87      0.09      0.00     95.64
end------
                all      0.04      0.00      0.16      0.00      0.00     99.79
                all      0.46      0.00      1.77      0.00      0.00     97.77
                all      0.43      0.00      1.80      0.00      0.00     97.77
                all      0.49      0.00      1.72      0.00      0.00     97.79
                all      0.45      0.00      1.80      0.00      0.00     97.76
start----
                all      1.22      0.00      2.04      0.09      0.00     96.65
end------
                all      0.12      0.00      0.42      0.00      0.00     99.47
                all      0.46      0.00      1.75      0.00      0.00     97.79
                all      0.46      0.00      1.77      0.00      0.00     97.77
                all      0.45      0.00      1.81      0.00      0.00     97.74
start----
                all      0.44      0.00      1.60      0.01      0.00     97.94
                all      0.98      0.00      1.79      0.09      0.00     97.14
end------
                all      0.31      0.00      1.12      0.00      0.00     98.57
                all      0.46      0.00      1.72      0.00      0.00     97.82
                all      0.46      0.00      1.80      0.30      0.00     97.45
                all      0.45      0.00      1.77      0.00      0.00     97.79
start----
                all      1.28      0.00      2.89      0.10      0.00     95.73
end------
                all      0.04      0.00      0.18      0.00      0.00     99.78
                all      0.43      0.00      1.77      0.00      0.00     97.80
                all      0.45      0.00      1.80      0.00      0.00     97.76
                all      0.45      0.00      1.78      0.00      0.00     97.77
                all      0.49      0.00      1.75      0.00      0.00     97.76
start----
                all      1.04      0.00      2.10      0.06      0.00     96.80
end------
                all      0.12      0.00      0.39      0.00      0.00     99.50
                all      0.49      0.00      1.75      0.00      0.00     97.76
                all      0.46      0.00      1.77      0.30      0.00     97.48
                all      0.47      0.00      1.77      0.00      0.00     97.76
start----
                all      0.43      0.00      1.65      0.01      0.00     97.91
                all      1.14      0.00      1.89      0.06      0.00     96.91
end------
                all      0.28      0.00      1.22      0.00      0.00     98.50
                all      0.43      0.00      1.80      0.00      0.00     97.77
                all      0.46      0.00      1.78      0.00      0.00     97.76
                all      0.46      0.00      1.75      0.00      0.00     97.79
                all      1.75      0.00      3.73      0.19      0.00     94.32
                all      0.45      0.00      1.78      0.01      0.00     97.76
                all      0.42      0.00      1.77      0.01      0.00     97.80
                all      0.46      0.00      1.77      0.00      0.00     97.77
                all      0.49      0.00      1.74      0.00      0.00     97.77
                all      0.49      0.00      1.78      0.00      0.00     97.73
                all      0.46      0.00      1.75      0.00      0.00     97.79
start----
                all      1.09      0.00      2.26      0.09      0.00     96.56
end------
                all      0.06      0.00      0.28      0.00      0.00     99.66
                all      0.47      0.00      1.74      0.00      0.00     97.79
                all      0.47      0.00      1.75      0.30      0.00     97.48
                all      0.46      0.00      1.74      0.00      0.00     97.80
                all      0.43      0.00      1.83      0.01      0.00     97.73
start----
                all      1.18      0.00      2.04      0.06      0.00     96.73
end------
                all      0.28      0.00      1.01      0.00      0.00     98.71
                all      0.43      0.00      1.75      0.00      0.00     97.82
                all      0.45      0.00      1.81      0.00      0.00     97.75
                all      0.46      0.00      1.77      0.00      0.00     97.77
start----
                all      0.31      0.00      1.27      0.03      0.00     98.39
                all      0.92      0.00      1.77      0.04      0.00     97.26
end------
                all      0.34      0.00      1.32      0.00      0.00     98.33
                all      0.46      0.00      1.74      0.00      0.00     97.80
                all      0.46      0.00      1.75      0.00      0.00     97.79
                all      0.47      0.00      1.76      0.00      0.00     97.76
start----
                all      1.33      0.00      2.62      0.07      0.00     95.97
end------
                all      0.07      0.00      0.12      0.00      0.00     99.81
                all      0.46      0.00      1.81      0.01      0.00     97.72
                all      0.46      0.00      1.81      0.00      0.00     97.73
                all      0.49      0.00      1.72      0.00      0.00     97.79
                all      0.45      0.00      1.80      0.00      0.00     97.76
start----
                all      1.09      0.00      2.42      0.07      0.00     96.42
end------
                all      0.04      0.00      0.16      0.00      0.00     99.79
                all      0.43      0.00      1.78      0.00      0.00     97.79
                all      0.46      0.00      1.77      0.00      0.00     97.77
                all      0.45      0.00      1.80      0.00      0.00     97.76
                all      0.49      0.00      1.71      0.00      0.00     97.80
start----
                all      1.28      0.00      2.10      0.06      0.00     96.57
end------
                all      0.13      0.00      0.52      0.00      0.00     99.35
                all      0.45      0.00      1.75      0.00      0.00     97.80
                all      0.46      0.00      1.79      0.01      0.00     97.73
                all      0.47      0.00      1.75      0.00      0.00     97.77
start----
                all      0.39      0.00      1.65      0.01      0.00     97.95
                all      1.01      0.00      1.73      0.09      0.00     97.17
end------
                all      0.28      0.00      1.26      0.00      0.00     98.45
                all      0.47      0.00      1.75      0.00      0.00     97.77
                all      0.47      0.00      1.75      0.00      0.00     97.77
                all      0.45      0.00      1.75      0.00      0.00     97.80
start----
                all      1.44      0.00      2.77      0.06      0.00     95.73
end------
                all      0.06      0.00      0.22      0.01      0.00     99.70
                all      0.44      0.00      1.79      0.00      0.00     97.76
                all      0.49      0.00      1.74      0.00      0.00     97.77
                all      0.43      0.00      1.80      0.00      0.00     97.77
                all      0.49      0.00      1.78      0.00      0.00     97.73
start----
                all      1.06      0.00      1.98      0.07      0.00     96.89
end------
                all      0.24      0.00      0.94      0.00      0.00     98.83
                all      0.47      0.00      1.71      0.00      0.00     97.82
                all      0.47      0.00      1.75      0.00      0.00     97.77
                all      0.46      0.00      1.75      0.00      0.00     97.79
start----
                all      0.33      0.00      1.32      0.03      0.00     98.33
                all      1.17      0.00      1.95      0.03      0.00     96.85
end------
                all      0.30      0.00      1.21      0.00      0.00     98.50
                all      0.47      0.00      1.74      0.00      0.00     97.79
                all      0.45      0.00      1.77      0.00      0.00     97.79
                all      0.46      0.00      1.80      0.00      0.00     97.74
                all      1.59      0.00      5.47      0.15      0.00     92.79
                all      0.49      0.00      1.75      0.01      0.00     97.74
                all      0.46      0.00      1.75      0.00      0.00     97.79
                all      0.46      0.00      1.72      0.00      0.00     97.82
                all      0.49      0.00      1.72      0.00      0.00     97.79
                all      0.42      0.00      1.82      0.00      0.00     97.76
                all      0.49      0.00      1.72      0.00      0.00     97.79
start----
                all      1.47      0.00      3.41      0.07      0.00     95.05
end------
                all      0.09      0.00      0.16      0.00      0.00     99.75
                all      0.83      0.00      2.28      0.04      0.00     96.85
                all      0.46      0.00      1.78      0.01      0.00     97.74
                all      0.46      0.00      1.74      0.00      0.00     97.80
                all      0.45      0.00      1.75      0.00      0.00     97.80
start----
                all      1.50      0.00      3.07      0.12      0.00     95.32
end------
                all      0.09      0.00      0.37      0.00      0.00     99.54
                all      0.49      0.00      1.72      0.00      0.00     97.79
                all      0.46      0.00      1.86      0.30      0.00     97.39
                all      0.47      0.00      1.72      0.00      0.00     97.80
                all      0.46      0.00      1.65      0.01      0.00     97.88
start----
                all      1.23      0.00      2.99      0.07      0.00     95.71
end------
                all      0.27      0.00      0.91      0.00      0.00     98.82
                all      0.43      0.00      1.78      0.00      0.00     97.79
                all      0.45      0.00      1.77      0.01      0.00     97.77
                all      0.52      0.00      1.90      0.00      0.00     97.58
start----
                all      1.64      0.00      4.02      0.06      0.00     94.28
                all      0.09      0.00      0.18      0.01      0.00     99.72
end------
                all      0.37      0.00      1.51      0.00      0.00     98.12
                all      0.49      0.00      1.72      0.00      0.00     97.79
                all      0.45      0.00      1.75      0.01      0.00     97.79
                all      0.47      0.00      1.74      0.00      0.00     97.79
start----
                all      1.52      0.00      3.59      0.04      0.00     94.84
                all      0.01      0.00      0.10      0.01      0.00     99.87
end------
                all      0.42      0.00      1.62      0.00      0.00     97.97
                all      0.46      0.00      1.75      0.00      0.00     97.79
                all      0.46      0.00      1.84      0.00      0.00     97.70
                all      0.45      0.00      1.77      0.00      0.00     97.79
start----
                all      1.41      0.00      3.28      0.09      0.00     95.22
end------
                all      0.04      0.00      0.15      0.00      0.00     99.81
                all      0.73      0.00      1.84      0.13      0.00     97.30
                all      0.46      0.00      1.78      0.00      0.00     97.76
                all      0.47      0.00      1.75      0.00      0.00     97.77
                all      0.45      0.00      1.78      0.00      0.00     97.77
start----
                all      1.53      0.00      3.21      0.09      0.00     95.17
end------
                all      0.09      0.00      0.33      0.00      0.00     99.58
                all      0.45      0.00      1.78      0.00      0.00     97.77
                all      0.43      0.00      1.78      0.00      0.00     97.79
                all      0.45      0.00      1.77      0.00      0.00     97.79
                all      0.40      0.00      1.62      0.00      0.00     97.98
start----
                all      1.44      0.00      3.17      0.09      0.00     95.31
end------
                all      0.13      0.00      0.58      0.00      0.00     99.29
                all      0.45      0.00      1.77      0.00      0.00     97.79
                all      0.43      0.00      1.77      0.01      0.00     97.79
                all      0.50      0.00      1.81      0.00      0.00     97.68
start----
                all      0.42      0.00      1.57      0.01      0.00     98.00
                all      1.26      0.00      2.94      0.01      0.00     95.78
end------
                all      0.28      0.00      1.13      0.00      0.00     98.59
                all      0.45      0.00      1.75      0.00      0.00     97.80
                all      0.45      0.00      1.75      0.30      0.00     97.51
                all      0.47      0.00      1.72      0.00      0.00     97.80
start----
                all      1.63      0.00      3.90      0.06      0.00     94.41
                all      0.01      0.00      0.10      0.01      0.00     99.87
end------
                all      0.42      0.00      1.71      0.00      0.00     97.88
                all      0.49      0.00      1.75      0.13      0.00     97.63
                all      0.45      0.00      1.78      0.16      0.00     97.61
                all      0.47      0.00      1.75      0.00      0.00     97.77
                all      2.13      0.00      6.87      0.04      0.00     90.96
                all      6.18      0.00      6.36      0.00      0.00     87.47
                all      0.46      0.00      1.79      0.01      0.00     97.73
                all      0.51      0.00      1.74      0.00      0.00     97.75
                all      0.48      0.00      2.19      0.00      0.00     97.33
                all      0.48      0.00      1.89      0.00      0.00     97.64
                all      0.45      0.00      1.75      0.00      0.00     97.80
                all      0.33      0.00      1.47      0.01      0.00     98.19
start----
                all      4.45      0.00      8.09      0.07      0.00     87.38
end------
                all      0.03      0.00      0.10      0.01      0.00     99.85
                all      0.45      0.00      1.72      0.00      0.00     97.83
                all      0.47      0.00      1.74      0.00      0.00     97.79
                all      0.46      0.00      1.74      0.00      0.00     97.80
                all      0.40      0.00      1.85      0.00      0.00     97.75
start----
                all      2.05      0.00      6.68      0.04      0.00     91.22
                all      2.00      0.00      3.05      0.01      0.00     94.94
end------
                all      0.33      0.00      1.23      0.00      0.00     98.44
                all      0.46      0.00      1.77      0.00      0.00     97.77
                all      0.50      0.00      1.94      0.01      0.00     97.54
                all      0.45      0.00      1.75      0.00      0.00     97.80
start----
                all      0.40      0.00      1.85      0.07      0.00     97.68
                all      4.11      0.00      7.57      0.01      0.00     88.30
end------
                all      0.15      0.00      0.59      0.00      0.00     99.26
                all      0.45      0.00      1.77      0.00      0.00     97.79
                all      0.47      0.00      1.75      0.00      0.00     97.77
                all      0.47      0.00      1.74      0.00      0.00     97.79
                all      0.42      0.00      1.63      0.00      0.00     97.95
start----
                all      4.30      0.00      8.42      0.04      0.00     87.24
end------
                all      0.06      0.00      0.13      0.01      0.00     99.79
                all      0.46      0.00      2.29      0.04      0.00     97.20
                all      0.45      0.00      1.77      0.00      0.00     97.79
                all      0.46      0.00      1.75      0.00      0.00     97.79
                all      0.46      0.00      1.77      0.00      0.00     97.77
start----
                all      1.01      0.00      4.61      0.06      0.00     94.32
                all      3.61      0.00      3.58      0.03      0.00     92.78
end------
                all      0.19      0.00      0.82      0.00      0.00     98.99
                all      0.47      0.00      1.75      0.00      0.00     97.77
                all      0.45      0.00      1.77      0.00      0.00     97.79
                all      0.43      0.00      1.77      0.00      0.00     97.80
                all      0.36      0.00      1.32      0.01      0.00     98.31
start----
                all      4.16      0.00      8.52      0.07      0.00     87.25
end------
                all      0.09      0.00      0.33      0.00      0.00     99.58
                all      0.46      0.00      1.77      0.00      0.00     97.78
                all      0.45      0.00      1.78      0.00      0.00     97.77
                all      0.49      0.00      1.72      0.00      0.00     97.79
                all      0.47      0.00      1.74      0.00      0.00     97.79
start----
                all      3.41      0.00      7.17      0.06      0.00     89.36
                all      0.86      0.00      1.67      0.00      0.00     97.48
end------
                all      0.34      0.00      1.38      0.00      0.00     98.28
                all      0.49      0.00      1.74      0.00      0.00     97.77
                all      0.47      0.00      1.72      0.01      0.00     97.79
                all      0.46      0.00      1.78      0.00      0.00     97.76
start----
                all      1.81      0.00      5.86      0.03      0.00     92.30
                all      2.67      0.00      3.55      0.01      0.00     93.77
end------
                all      0.31      0.00      1.79      0.04      0.00     97.85
                all      0.46      0.00      1.77      0.00      0.00     97.77
                all      0.49      0.00      1.74      0.00      0.00     97.78
                all      0.46      0.00      1.74      0.00      0.00     97.80
start----
                all      0.34      0.00      1.21      0.03      0.00     98.42
                all      4.55      0.00      7.97      0.04      0.00     87.44
end------
                all      0.09      0.00      0.34      0.01      0.00     99.56
                all      0.49      0.00      1.74      0.00      0.00     97.77
                all      0.45      0.00      1.80      0.00      0.00     97.76
                all      0.50      0.00      1.77      0.00      0.00     97.73
                all      0.68      0.00      2.09      0.03      0.00     97.19
start----
                all      4.22      0.00      7.63      0.07      0.00     88.08
end------
                all      0.04      0.00      0.19      0.00      0.00     99.76
                all      0.49      0.00      1.72      0.00      0.00     97.79
                all      0.49      0.00      1.72      0.01      0.00     97.77
                all      0.49      0.00      1.74      0.00      0.00     97.78
                all      0.46      0.00      1.72      0.00      0.00     97.82
                all      8.75      0.00      8.61      0.42      0.00     82.23
                all      0.44      0.00      1.79      0.01      0.00     97.75
                all      0.48      0.00      1.74      0.00      0.00     97.78
                all      0.49      0.00      1.72      0.00      0.00     97.79
                all      0.47      0.00      1.75      0.00      0.00     97.77
                all      0.44      0.00      1.78      0.00      0.00     97.78
                all      0.45      0.00      1.77      0.00      0.00     97.79
start----
                all      2.79      0.00      4.75      0.12      0.00     92.35
end------
                all      0.15      0.00      0.61      0.00      0.00     99.24
                all      0.47      0.00      1.72      0.00      0.00     97.80
                all      0.46      0.00      1.75      0.31      0.00     97.48
                all      0.50      0.00      1.71      0.00      0.00     97.79
start----
                all      0.47      0.00      2.67      0.10      0.00     96.75
                all      2.39      0.00      2.96      0.00      0.00     94.65
end------
                all      0.28      0.00      1.25      0.00      0.00     98.47
                all      0.47      0.00      1.71      0.00      0.00     97.82
                all      0.46      0.00      1.78      0.00      0.00     97.76
                all      0.46      0.00      1.75      0.00      0.00     97.79
start----
                all      2.22      0.00      4.68      0.06      0.00     93.04
end------
                all      0.07      0.00      0.31      0.00      0.00     99.61
                all      0.46      0.00      1.74      0.00      0.00     97.80
                all      0.46      0.00      1.74      0.01      0.00     97.79
                all      0.46      0.00      1.74      0.00      0.00     97.80
                all      0.50      0.00      1.74      0.00      0.00     97.76
start----
                all      2.04      0.00      4.16      0.10      0.00     93.69
end------
                all      0.16      0.00      0.55      0.01      0.00     99.27
                all      0.47      0.00      1.74      0.00      0.00     97.79
                all      0.47      0.00      1.77      0.00      0.00     97.76
                all      0.45      0.00      1.77      0.00      0.00     97.79
                all      0.44      0.00      1.54      0.00      0.00     98.01
start----
                all      2.42      0.00      4.36      0.06      0.00     93.15
end------
                all      0.19      0.00      0.82      0.00      0.00     98.99
                all      0.47      0.00      1.74      0.00      0.00     97.79
                all      0.46      0.00      1.75      0.01      0.00     97.77
                all      0.43      0.00      1.81      0.00      0.00     97.76
                all      0.36      0.00      1.41      0.00      0.00     98.24
start----
                all      1.92      0.00      4.28      0.07      0.00     93.72
end------
                all      0.25      0.00      1.03      0.00      0.00     98.71
                all      0.46      0.00      1.77      0.00      0.00     97.77
                all      0.47      0.00      1.75      0.00      0.00     97.77
                all      0.45      0.00      1.75      0.00      0.00     97.80
start----
                all      0.34      0.00      1.23      0.03      0.00     98.40
                all      2.38      0.00      4.02      0.04      0.00     93.56
end------
                all      0.28      0.00      1.12      0.00      0.00     98.60
                all      0.46      0.00      1.75      0.00      0.00     97.79
                all      0.46      0.00      1.78      0.31      0.00     97.45
                all      0.46      0.00      1.77      0.00      0.00     97.77
start----
                all      2.04      0.00      4.93      0.07      0.00     92.96
end------
                all      0.00      0.00      0.07      0.00      0.00     99.93
                all      0.40      0.00      1.75      0.00      0.00     97.85
                all      0.46      0.00      1.78      0.22      0.00     97.54
                all      0.45      0.00      1.77      0.06      0.00     97.73
                all      0.55      0.00      1.74      0.00      0.00     97.72
start----
                all      2.53      0.00      4.36      0.07      0.00     93.04
end------
                all      0.16      0.00      0.60      0.00      0.00     99.23
                all      0.47      0.00      1.72      0.00      0.00     97.80
                all      0.49      0.00      1.78      0.30      0.00     97.43
                all      0.46      0.00      1.77      0.00      0.00     97.77
start----
                all      0.49      0.00      3.08      0.04      0.00     96.38
                all      2.41      0.00      2.51      0.03      0.00     95.05
end------
                all      0.30      0.00      1.23      0.00      0.00     98.47
                all      0.46      0.00      1.72      0.00      0.00     97.82
                all      0.47      0.00      1.77      0.30      0.00     97.46
                all      0.47      0.00      1.75      0.00      0.00     97.77
                all      2.62      0.00      6.03      0.12      0.00     91.23
                all      0.46      0.00      1.77      0.03      0.00     97.74
                all      0.46      0.00      1.76      0.00      0.00     97.78
                all      0.49      0.00      1.91      0.01      0.00     97.58
                all      0.49      0.00      1.72      0.00      0.00     97.79
                all      0.47      0.00      1.75      0.00      0.00     97.78
                all      0.44      0.00      1.71      0.00      0.00     97.85
start----
                all      2.46      0.00      4.50      0.06      0.00     92.98
end------
                all      0.09      0.00      0.49      0.00      0.00     99.42
                all      0.43      0.00      1.79      0.00      0.00     97.78
                all      0.43      0.00      1.84      0.00      0.00     97.73
                all      0.46      0.00      1.77      0.00      0.00     97.77
                all      0.40      0.00      1.47      0.00      0.00     98.13
start----
                all      2.04      0.00      4.18      0.13      0.00     93.65
end------
                all      0.27      0.00      0.88      0.01      0.00     98.84
                all      0.45      0.00      1.77      0.00      0.00     97.79
                all      0.47      0.00      1.75      0.00      0.00     97.77
                all      0.44      0.00      1.78      0.00      0.00     97.78
start----
                all      0.36      0.00      1.27      0.01      0.00     98.36
                all      2.42      0.00      4.27      0.13      0.00     93.18
end------
                all      0.25      0.00      0.94      0.00      0.00     98.81
                all      0.49      0.00      1.75      0.00      0.00     97.76
                all      0.50      0.00      1.72      0.00      0.00     97.77
                all      0.49      0.00      1.75      0.00      0.00     97.76
start----
                all      0.38      0.00      2.23      0.06      0.00     97.32
                all      1.61      0.00      3.15      0.03      0.00     95.20
end------
                all      0.33      0.00      1.40      0.00      0.00     98.27
                all      0.45      0.00      1.75      0.00      0.00     97.80
                all      0.49      0.00      1.75      0.00      0.00     97.76
                all      0.44      0.00      1.79      0.00      0.00     97.76
start----
                all      2.66      0.00      5.00      0.09      0.00     92.26
end------
                all      0.03      0.00      0.12      0.00      0.00     99.85
                all      0.47      0.00      1.76      0.00      0.00     97.76
                all      0.43      0.00      1.78      0.00      0.00     97.79
                all      0.49      0.00      1.72      0.00      0.00     97.79
                all      0.43      0.00      1.81      0.00      0.00     97.76
start----
                all      2.04      0.00      4.27      0.06      0.00     93.63
end------
                all      0.16      0.00      0.71      0.00      0.00     99.12
                all      0.43      0.00      1.75      0.00      0.00     97.82
                all      0.47      0.00      1.79      0.27      0.00     97.46
                all      0.49      0.00      1.74      0.00      0.00     97.77
start----
                all      0.79      0.00      3.87      0.07      0.00     95.27
                all      2.01      0.00      1.92      0.01      0.00     96.06
end------
                all      0.34      0.00      1.32      0.00      0.00     98.33
                all      0.43      0.00      1.78      0.00      0.00     97.79
                all      0.46      0.00      1.77      0.31      0.00     97.46
                all      0.47      0.00      1.75      0.00      0.00     97.77
start----
                all      2.07      0.00      5.09      0.04      0.00     92.79
end------
                all      0.06      0.00      0.19      0.01      0.00     99.73
                all      0.50      0.00      1.74      0.00      0.00     97.76
                all      0.47      0.00      1.75      0.28      0.00     97.49
                all      0.47      0.00      1.74      0.00      0.00     97.79
                all      0.46      0.00      1.77      0.00      0.00     97.77
start----
                all      2.58      0.00      4.23      0.15      0.00     93.04
end------
                all      0.19      0.00      0.80      0.00      0.00     99.00
                all      0.49      0.00      1.74      0.00      0.00     97.78
                all      0.46      0.00      1.79      0.30      0.00     97.45
                all      0.45      0.00      1.78      0.00      0.00     97.77
start----
                all      1.50      0.00      4.43      0.09      0.00     93.98
                all      0.81      0.00      1.07      0.00      0.00     98.13
end------
                all      0.39      0.00      1.37      0.00      0.00     98.24
                all      0.45      0.00      1.74      0.00      0.00     97.82
                all      0.47      0.00      1.78      0.01      0.00     97.73
                all      0.52      0.00      1.90      0.00      0.00     97.58
                all      3.09      0.00      6.78      0.12      0.00     90.01
                all      0.49      0.00      1.75      0.01      0.00     97.75
                all      0.43      0.00      1.80      0.00      0.00     97.77
                all      0.47      0.00      1.75      0.00      0.00     97.77
                all      0.47      0.00      1.72      0.00      0.00     97.80
                all      0.49      0.00      1.75      0.00      0.00     97.76
start----
                all      0.40      0.00      1.70      0.01      0.00     97.88
                all      2.47      0.00      4.74      0.10      0.00     92.69
end------
                all      0.24      0.00      0.98      0.00      0.00     98.78
                all      0.43      0.00      1.78      0.00      0.00     97.79
                all      0.43      0.00      1.81      0.00      0.00     97.76
                all      0.44      0.00      1.78      0.00      0.00     97.78
start----
                all      0.37      0.00      1.45      0.04      0.00     98.13
                all      1.89      0.00      4.22      0.01      0.00     93.88
end------
                all      0.33      0.00      1.12      0.00      0.00     98.55
                all      0.43      0.00      1.78      0.00      0.00     97.79
                all      0.46      0.00      1.80      0.31      0.00     97.43
                all      0.46      0.00      1.77      0.00      0.00     97.77
start----
                all      2.74      0.00      5.46      0.10      0.00     91.69
end------
                all      0.03      0.00      0.09      0.00      0.00     99.88
                all      0.49      0.00      1.72      0.00      0.00     97.79
                all      0.46      0.00      1.75      0.25      0.00     97.54
                all      0.45      0.00      1.77      0.03      0.00     97.76
                all      0.45      0.00      1.77      0.00      0.00     97.79
start----
                all      2.73      0.00      4.84      0.09      0.00     92.34
end------
                all      0.16      0.00      0.68      0.00      0.00     99.15
                all      0.46      0.00      1.77      0.00      0.00     97.77
                all      0.52      0.00      1.72      0.00      0.00     97.76
                all      0.46      0.00      1.78      0.00      0.00     97.76
start----
                all      0.47      0.00      2.76      0.09      0.00     96.68
                all      1.95      0.00      3.15      0.00      0.00     94.90
end------
                all      0.28      0.00      1.22      0.00      0.00     98.50
                all      0.47      0.00      1.74      0.00      0.00     97.79
                all      0.47      0.00      1.78      0.31      0.00     97.43
                all      0.49      0.00      1.74      0.00      0.00     97.77
start----
                all      2.56      0.00      5.67      0.07      0.00     91.69
end------
                all      0.01      0.00      0.13      0.00      0.00     99.85
                all      0.46      0.00      1.78      0.00      0.00     97.76
                all      0.49      0.00      1.72      0.00      0.00     97.79
                all      0.50      0.00      1.72      0.00      0.00     97.78
                all      0.45      0.00      1.83      0.00      0.00     97.73
start----
                all      2.05      0.00      4.86      0.09      0.00     93.01
end------
                all      0.07      0.00      0.28      0.00      0.00     99.64
                all      0.50      0.00      1.71      0.00      0.00     97.79
                all      0.47      0.00      1.78      0.01      0.00     97.73
                all      0.49      0.00      1.75      0.00      0.00     97.76
                all      0.44      0.00      1.62      0.00      0.00     97.94
start----
                all      2.51      0.00      4.37      0.07      0.00     93.04
end------
                all      0.15      0.00      0.50      0.00      0.00     99.35
                all      0.47      0.00      1.74      0.00      0.00     97.79
                all      0.44      0.00      1.82      0.30      0.00     97.43
                all      0.46      0.00      1.77      0.00      0.00     97.77
start----
                all      0.46      0.00      1.53      0.01      0.00     98.00
                all      2.08      0.00      4.53      0.04      0.00     93.34
end------
                all      0.30      0.00      1.12      0.00      0.00     98.59
                all      0.49      0.00      1.74      0.00      0.00     97.78
                all      0.45      0.00      1.77      0.00      0.00     97.79
                all      0.46      0.00      1.77      0.00      0.00     97.78
start----
                all      2.72      0.00      5.57      0.15      0.00     91.56
                all      0.06      0.00      0.21      0.00      0.00     99.73
end------
                all      0.43      0.00      1.68      0.00      0.00     97.89
                all      0.45      0.00      1.77      0.01      0.00     97.77
                all      0.55      0.00      1.71      0.00      0.00     97.75
                all      0.49      0.00      1.77      0.00      0.00     97.74
                all      3.00      0.00     12.33      0.42      0.00     84.26
                all      0.49      0.00      1.76      0.03      0.00     97.72
                all      0.45      0.00      1.79      0.00      0.00     97.76
                all      0.47      0.00      1.77      0.00      0.00     97.76
                all      0.46      0.00      1.75      0.00      0.00     97.79
                all      0.47      0.00      1.74      0.00      0.00     97.79
                all      0.49      0.00      1.75      0.00      0.00     97.76
start----
                all      3.01      0.00      8.77      0.13      0.00     88.08
end------
                all      0.04      0.00      0.21      0.00      0.00     99.75
                all      0.44      0.00      1.79      0.00      0.00     97.76
                all      0.46      0.00      1.89      0.01      0.00     97.64
                all      0.46      0.00      1.78      0.00      0.00     97.76
                all      0.47      0.00      1.78      0.00      0.00     97.75
start----
                all      2.67      0.00      8.89      0.06      0.00     88.37
end------
                all      0.06      0.00      0.25      0.00      0.00     99.69
                all      0.49      0.00      1.74      0.00      0.00     97.78
                all      0.44      0.00      1.78      0.01      0.00     97.76
                all      0.49      0.00      1.71      0.00      0.00     97.80
                all      0.43      0.00      1.78      0.00      0.00     97.79
start----
                all      2.94      0.00      8.57      0.09      0.00     88.41
end------
                all      0.06      0.00      0.27      0.00      0.00     99.67
                all      0.44      0.00      1.78      0.00      0.00     97.78
                all      0.46      0.00      1.78      0.00      0.00     97.76
                all      0.43      0.00      1.78      0.00      0.00     97.79
                all      0.46      0.00      1.79      0.00      0.00     97.75
start----
                all      2.95      0.00      8.58      0.07      0.00     88.40
end------
                all      0.03      0.00      0.07      0.00      0.00     99.90
                all      0.47      0.00      1.74      0.00      0.00     97.79
                all      0.45      0.00      1.78      0.25      0.00     97.52
                all      0.48      0.00      1.89      0.04      0.00     97.59
                all      0.47      0.00      1.78      0.00      0.00     97.75
start----
                all      2.76      0.00      8.65      0.09      0.00     88.50
end------
                all      0.10      0.00      0.46      0.00      0.00     99.44
                all      0.47      0.00      1.75      0.00      0.00     97.77
                all      0.47      0.00      1.75      0.31      0.00     97.46
                all      0.47      0.00      1.76      0.00      0.00     97.76
start----
                all      0.46      0.00      1.59      0.01      0.00     97.94
                all      3.02      0.00      8.30      0.10      0.00     88.57
end------
                all      0.21      0.00      0.88      0.00      0.00     98.91
                all      0.46      0.00      1.74      0.00      0.00     97.80
                all      0.53      0.00      1.78      0.56      0.00     97.12
                all      0.44      0.00      1.78      0.00      0.00     97.78
start----
                all      0.36      0.00      1.30      0.01      0.00     98.33
                all      2.84      0.00      8.46      0.03      0.00     88.66
end------
                all      0.30      0.00      1.01      0.00      0.00     98.69
                all      0.44      0.00      1.78      0.00      0.00     97.78
                all      0.46      0.00      1.77      0.01      0.00     97.76
                all      0.45      0.00      1.75      0.00      0.00     97.80
start----
                all      0.34      0.00      1.32      0.01      0.00     98.33
                all      2.88      0.00      8.27      0.07      0.00     88.78
end------
                all      0.28      0.00      1.06      0.00      0.00     98.66
                all      0.50      0.00      1.87      0.00      0.00     97.63
                all      0.49      0.00      1.75      0.00      0.00     97.76
                all      0.49      0.00      1.72      0.00      0.00     97.79
start----
                all      0.36      0.00      1.21      0.03      0.00     98.40
                all      2.41      0.00      8.82      0.04      0.00     88.73
end------
                all      0.27      0.00      1.13      0.01      0.00     98.59
                all      0.45      0.00      1.75      0.00      0.00     97.80
                all      0.47      0.00      1.77      0.00      0.00     97.76
                all      0.42      0.00      1.81      0.00      0.00     97.78
start----
                all      0.36      0.00      1.26      0.01      0.00     98.37
                all      2.93      0.00      8.05      0.06      0.00     88.96
end------
                all      0.30      0.00      1.15      0.00      0.00     98.56
                all      0.44      0.00      1.78      0.00      0.00     97.78
                all      0.47      0.00      1.76      0.01      0.00     97.75
                all      0.46      0.00      1.77      0.00      0.00     97.77
                all      2.40      0.00      9.36      0.09      0.00     88.15
                all     13.72      0.00      9.46      0.00      0.00     76.81
                all      8.10      0.00     12.03      0.00      0.00     79.88
                all      0.37      0.00      1.38      0.67      0.00     97.58
                all      0.48      0.00      2.07      0.00      0.00     97.46
                all      0.48      0.00      2.15      0.02      0.00     97.36
                all      0.45      0.00      1.78      0.00      0.00     97.77
                all      0.49      0.00      1.74      0.00      0.00     97.77
                all      0.36      0.00      1.44      0.01      0.00     98.19
start----
                all     10.14      0.00     14.12      0.06      0.00     75.68
                all      4.35      0.00      8.57      0.01      0.00     87.07
end------
                all      0.31      0.00      1.12      0.00      0.00     98.57
                all      0.49      0.00      1.72      0.00      0.00     97.79
                all      0.49      0.00      1.75      0.00      0.00     97.76
                all      0.47      0.00      1.74      0.00      0.00     97.79
start----
                all      0.36      0.00      1.39      0.01      0.00     98.24
                all     12.65      0.00     16.55      0.04      0.00     70.76
                all      0.28      0.00      4.85      0.01      0.00     94.86
end------
                all      0.30      0.00      1.27      0.00      0.00     98.44
                all      0.49      0.00      1.74      0.00      0.00     97.78
                all      0.46      0.00      1.77      0.00      0.00     97.77
                all      0.47      0.00      1.78      0.00      0.00     97.75
start----
                all      2.00      0.00      9.05      0.06      0.00     88.89
                all     11.26      0.00     13.45      0.00      0.00     75.29
end------
                all      0.04      0.00      0.24      0.01      0.00     99.71
                all      0.49      0.00      1.74      0.00      0.00     97.77
                all      0.46      0.00      1.78      0.01      0.00     97.75
                all      0.46      0.00      1.75      0.00      0.00     97.79
                all      0.47      0.00      1.75      0.00      0.00     97.78
start----
                all      2.87      0.00     10.87      0.12      0.00     86.15
                all     10.35      0.00     12.87      0.00      0.00     76.78
end------
                all      0.13      0.00      0.46      0.00      0.00     99.41
                all      0.50      0.00      1.74      0.00      0.00     97.76
                all      0.43      0.00      1.78      0.01      0.00     97.77
                all      0.50      0.00      1.83      0.00      0.00     97.67
                all      0.47      0.00      2.39      0.00      0.00     97.14
start----
                all      3.07      0.00     14.55      0.06      0.00     82.32
                all      8.83      0.00     10.76      0.01      0.00     80.40
end------
                all      0.19      0.00      0.77      0.00      0.00     99.03
                all      0.46      0.00      1.77      0.00      0.00     97.78
                all      0.44      0.00      1.78      0.00      0.00     97.78
                all      0.49      0.00      1.74      0.00      0.00     97.78
start----
                all      0.46      0.00      1.63      0.01      0.00     97.90
                all     12.84      0.00     17.50      0.03      0.00     69.64
                all      0.31      0.00      5.80      0.03      0.00     93.86
end------
                all      0.33      0.00      1.34      0.00      0.00     98.33
                all      0.43      0.00      1.80      0.00      0.00     97.77
                all      0.47      0.00      1.75      0.00      0.00     97.77
                all      0.49      0.00      1.76      0.00      0.00     97.75
start----
                all      0.36      0.00      1.33      0.04      0.00     98.27
                all     13.19      0.00     22.82      0.04      0.00     63.94
                all      0.07      0.00      0.21      0.00      0.00     99.72
end------
                all      0.42      0.00      1.45      0.00      0.00     98.14
                all      0.49      0.00      1.75      0.00      0.00     97.76
                all      0.49      0.00      1.74      0.01      0.00     97.76
                all      0.50      0.00      1.74      0.00      0.00     97.76
start----
                all      1.94      0.00      5.64      0.10      0.00     92.32
                all      9.46      0.00     21.89      0.00      0.00     68.65
end------
                all      0.01      0.00      0.22      0.01      0.00     99.75
                all      0.47      0.00      1.72      0.00      0.00     97.80
                all      0.46      0.00      1.77      0.00      0.00     97.77
                all      0.47      0.00      1.74      0.00      0.00     97.79
                all      0.48      0.00      2.44      0.02      0.00     97.07
start----
                all      4.20      0.00     11.69      0.06      0.00     84.05
                all     10.42      0.00     11.30      0.03      0.00     78.24
end------
                all      0.12      0.00      0.53      0.00      0.00     99.35
                all      0.49      0.00      1.77      0.00      0.00     97.75
                all      0.46      0.00      1.78      0.00      0.00     97.76
                all      0.47      0.00      1.74      0.00      0.00     97.79
                all      0.47      0.00      1.65      0.00      0.00     97.88
start----
                all      4.71      0.00     15.58      0.09      0.00     79.62
                all      6.43      0.00     10.90      0.00      0.00     82.67
end------
                all      0.21      0.00      0.80      0.00      0.00     98.99
                all      0.49      0.00      1.76      0.00      0.00     97.75
                all      0.47      0.00      1.75      0.01      0.00     97.76
                all      0.45      0.00      1.78      0.00      0.00     97.77
                all      0.43      0.00      1.83      0.16      0.00     97.58
                all     30.50      0.00     22.14      0.37      0.00     46.99
                all      0.47      0.00      1.77      0.03      0.00     97.73
                all      0.49      0.00      1.75      0.00      0.00     97.76
                all      0.46      0.00      1.77      0.00      0.00     97.77
                all      0.46      0.00      1.77      0.00      0.00     97.78
                all      0.44      0.00      1.79      0.00      0.00     97.76
                all      0.46      0.00      1.79      0.00      0.00     97.75
start----
                all      2.57      0.00      5.60      0.12      0.00     91.72
end------
                all      0.03      0.00      0.07      0.00      0.00     99.90
                all      0.46      0.00      1.77      0.01      0.00     97.76
                all      0.46      0.00      1.79      0.00      0.00     97.75
                all      0.49      0.00      1.75      0.00      0.00     97.76
                all      0.43      0.00      1.79      0.00      0.00     97.78
start----
                all      4.27      0.00     10.32      0.15      0.00     85.26
end------
                all      0.16      0.00      0.58      0.01      0.00     99.24
                all      0.49      0.00      1.75      0.00      0.00     97.76
                all      0.50      0.00      1.77      0.00      0.00     97.73
                all      0.47      0.00      1.74      0.00      0.00     97.79
                all      0.41      0.00      1.56      0.00      0.00     98.03
start----
                all      5.41      0.00      9.85      0.16      0.00     84.58
end------
                all      0.15      0.00      0.64      0.00      0.00     99.21
                all      0.50      0.00      1.71      0.00      0.00     97.79
                all      0.46      0.00      1.78      0.00      0.00     97.76
                all      0.46      0.00      1.79      0.00      0.00     97.75
                all      0.41      0.00      1.45      0.00      0.00     98.13
start----
                all      4.61      0.00     10.42      0.52      0.00     84.45
end------
                all      0.18      0.00      0.70      0.00      0.00     99.13
                all      0.47      0.00      1.74      0.00      0.00     97.79
                all      0.52      0.00      1.72      0.00      0.00     97.76
                all      0.47      0.00      1.75      0.00      0.00     97.77
                all      0.37      0.00      1.44      0.01      0.00     98.18
start----
                all      5.57      0.00     11.06      0.19      0.00     83.18
end------
                all      0.21      0.00      0.65      0.00      0.00     99.14
                all      0.47      0.00      1.74      0.00      0.00     97.79
                all      0.50      0.00      1.74      0.00      0.00     97.76
                all      0.49      0.00      1.75      0.00      0.00     97.76
                all      0.39      0.00      1.42      0.00      0.00     98.19
start----
                all      4.33      0.00     10.85      0.21      0.00     84.61
end------
                all      0.22      0.00      0.82      0.00      0.00     98.96
                all      0.46      0.00      1.75      0.00      0.00     97.79
                all      0.44      0.00      1.79      0.00      0.00     97.76
                all      0.49      0.00      1.74      0.00      0.00     97.78
start----
                all      0.52      0.00      3.71      0.40      0.00     95.37
                all      5.04      0.00      8.74      0.19      0.00     86.03
end------
                all      0.27      0.00      1.03      0.00      0.00     98.71
                all      0.52      0.00      1.73      0.00      0.00     97.75
                all      0.49      0.00      1.75      0.31      0.00     97.45
                all      0.50      0.00      1.75      0.00      0.00     97.75
start----
                all      4.73      0.00     10.63      0.22      0.00     84.42
                all      0.06      0.00      0.15      0.01      0.00     99.78
end------
                all      0.49      0.00      1.62      0.00      0.00     97.89
                all      0.47      0.00      1.77      0.01      0.00     97.75
                all      0.49      0.00      1.75      0.00      0.00     97.76
                all      0.46      0.00      1.76      0.00      0.00     97.78
start----
                all      5.50      0.00     11.55      0.22      0.00     82.73
end------
                all      0.04      0.00      0.18      0.00      0.00     99.78
                all      0.49      0.00      1.73      0.00      0.00     97.78
                all      0.50      0.00      1.75      0.31      0.00     97.43
                all      0.45      0.00      1.79      0.00      0.00     97.76
                all      0.49      0.00      1.78      0.00      0.00     97.73
start----
                all      4.28      0.00     10.38      0.24      0.00     85.11
end------
                all      0.21      0.00      0.75      0.00      0.00     99.04
                all      0.43      0.00      1.78      0.00      0.00     97.79
                all      0.46      0.00      1.78      0.00      0.00     97.76
                all      0.49      0.00      1.72      0.00      0.00     97.79
                all      0.70      0.00      3.96      0.10      0.00     95.24
                all      5.83      0.00     10.17      0.04      0.00     83.95
                all      0.46      0.00      1.76      0.03      0.00     97.75
                all      0.45      0.00      1.79      0.00      0.00     97.77
                all      0.49      0.00      1.72      0.00      0.00     97.79
                all      0.47      0.00      1.77      0.00      0.00     97.76
                all      0.47      0.00      1.77      0.00      0.00     97.76
start----
                all      1.30      0.00      4.86      0.18      0.00     93.66
                all      3.43      0.00      6.16      0.01      0.00     90.39
end------
                all      0.36      0.00      1.37      0.00      0.00     98.27
                all      0.50      0.00      1.74      0.00      0.00     97.76
                all      0.53      0.00      1.72      0.01      0.00     97.73
                all      0.49      0.00      1.75      0.00      0.00     97.76
start----
                all      1.61      0.00      6.85      0.24      0.00     91.30
                all      3.77      0.00      5.38      0.03      0.00     90.82
end------
                all      0.33      0.00      1.19      0.00      0.00     98.48
                all      0.50      0.00      1.72      0.00      0.00     97.78
                all      0.47      0.00      1.74      0.00      0.00     97.79
                all      0.47      0.00      1.78      0.00      0.00     97.75
start----
                all      2.61      0.00      7.06      0.22      0.00     90.11
                all      1.83      0.00      3.85      0.01      0.00     94.30
end------
                all      0.33      0.00      1.54      0.00      0.00     98.14
                all      0.49      0.00      1.74      0.00      0.00     97.78
                all      0.43      0.00      1.82      0.00      0.00     97.74
                all      0.47      0.00      1.76      0.00      0.00     97.76
start----
                all      5.33      0.00      8.38      0.40      0.00     85.89
                all      0.35      0.00      2.62      0.01      0.00     97.01
end------
                all      0.48      0.00      1.61      0.01      0.00     97.90
                all      0.46      0.00      1.78      0.00      0.00     97.76
                all      0.49      0.00      1.75      0.00      0.00     97.76
                all      0.46      0.00      1.79      0.00      0.00     97.75
start----
                all      4.45      0.00     11.38      0.22      0.00     83.94
                all      0.10      0.00      0.33      0.01      0.00     99.56
end------
                all      0.41      0.00      1.62      0.00      0.00     97.96
                all      0.46      0.00      1.76      0.00      0.00     97.78
                all      0.47      0.00      1.74      0.01      0.00     97.78
                all      0.46      0.00      1.77      0.00      0.00     97.78
start----
                all      5.47      0.00     10.57      0.15      0.00     83.82
end------
                all      0.06      0.00      0.27      0.00      0.00     99.67
                all      0.46      0.00      1.75      0.00      0.00     97.79
                all      0.46      0.00      1.77      0.00      0.00     97.78
                all      0.49      0.00      1.76      0.00      0.00     97.75
                all      0.50      0.00      1.75      0.00      0.00     97.75
start----
                all      4.59      0.00     10.04      0.25      0.00     85.12
end------
                all      0.07      0.00      0.33      0.00      0.00     99.60
                all      0.49      0.00      1.76      0.00      0.00     97.75
                all      0.49      0.00      1.74      0.00      0.00     97.78
                all      0.46      0.00      1.75      0.00      0.00     97.79
                all      0.49      0.00      1.75      0.00      0.00     97.76
start----
                all      5.42      0.00     10.72      0.12      0.00     83.74
end------
                all      0.15      0.00      0.58      0.00      0.00     99.27
                all      0.49      0.00      1.73      0.00      0.00     97.78
                all      0.49      0.00      1.75      0.30      0.00     97.46
                all      0.50      0.00      1.75      0.00      0.00     97.75
start----
                all      0.50      0.00      1.90      0.03      0.00     97.57
                all      4.52      0.00     10.08      0.41      0.00     84.98
end------
                all      0.30      0.00      1.15      0.00      0.00     98.55
                all      0.47      0.00      1.76      0.00      0.00     97.76
                all      0.53      0.00      1.71      0.00      0.00     97.76
                all      0.43      0.00      1.79      0.00      0.00     97.78
start----
                all      5.62      0.00     11.00      0.19      0.00     83.18
                all      0.07      0.00      0.15      0.00      0.00     99.78
end------
                all      0.45      0.00      1.61      0.00      0.00     97.94
                all      0.47      0.00      1.77      0.00      0.00     97.76
                all      0.46      0.00      1.77      0.01      0.00     97.76
                all      0.44      0.00      1.78      0.00      0.00     97.78
                all      6.64      0.00     15.38      0.49      0.00     77.49
                all      0.47      0.00      1.77      0.00      0.00     97.76
                all      0.46      0.00      1.82      0.03      0.00     97.69
                all      0.48      0.00      1.74      0.00      0.00     97.78
                all      0.47      0.00      1.80      0.00      0.00     97.73
                all      0.53      0.00      1.78      0.31      0.00     97.38
                all      0.46      0.00      1.76      0.00      0.00     97.78
start----
                all      4.81      0.00     11.87      0.32      0.00     82.99
end------
                all      0.06      0.00      0.21      0.00      0.00     99.73
                all      0.46      0.00      1.79      0.00      0.00     97.75
                all      0.47      0.00      1.78      0.30      0.00     97.45
                all      0.47      0.00      1.77      0.00      0.00     97.76
                all      0.47      0.00      1.71      0.01      0.00     97.80
start----
                all      5.38      0.00     12.28      0.18      0.00     82.16
end------
                all      0.18      0.00      0.65      0.00      0.00     99.17
                all      0.50      0.00      1.74      0.00      0.00     97.76
                all      0.50      0.00      1.74      0.28      0.00     97.48
                all      0.46      0.00      1.85      0.06      0.00     97.63
start----
                all      0.47      0.00      2.18      0.07      0.00     97.27
                all      4.42      0.00     11.34      0.15      0.00     84.10
end------
                all      0.28      0.00      0.95      0.00      0.00     98.77
                all      0.55      0.00      1.85      0.01      0.00     97.58
                all      0.50      0.00      1.76      0.00      0.00     97.73
                all      0.47      0.00      1.75      0.00      0.00     97.78
start----
                all      5.70      0.00     12.45      0.18      0.00     81.67
                all      0.10      0.00      0.19      0.01      0.00     99.69
end------
                all      0.37      0.00      1.38      0.00      0.00     98.24
                all      0.46      0.00      1.79      0.00      0.00     97.75
                all      0.46      0.00      1.79      0.00      0.00     97.75
                all      0.43      0.00      1.78      0.00      0.00     97.79
start----
                all      5.39      0.00     12.81      0.22      0.00     81.58
end------
                all      0.03      0.00      0.07      0.00      0.00     99.90
                all      0.47      0.00      1.74      0.00      0.00     97.79
                all      0.50      0.00      1.75      0.00      0.00     97.75
                all      0.46      0.00      1.80      0.00      0.00     97.74
                all      0.76      0.00      1.82      0.13      0.00     97.28
start----
                all      4.54      0.00     12.12      0.21      0.00     83.14
end------
                all      0.18      0.00      0.70      0.00      0.00     99.12
                all      0.46      0.00      1.78      0.00      0.00     97.76
                all      0.50      0.00      1.74      0.01      0.00     97.74
                all      0.46      0.00      1.77      0.00      0.00     97.77
                all      0.40      0.00      1.44      0.00      0.00     98.16
start----
                all      5.52      0.00     12.96      0.21      0.00     81.31
end------
                all      0.13      0.00      0.52      0.00      0.00     99.35
                all      0.46      0.00      1.77      0.00      0.00     97.77
                all      0.47      0.00      1.78      0.30      0.00     97.45
                all      0.46      0.00      1.77      0.00      0.00     97.78
start----
                all      0.44      0.00      1.56      0.03      0.00     97.97
                all      5.23      0.00     12.24      0.21      0.00     82.32
end------
                all      0.25      0.00      0.96      0.00      0.00     98.78
                all      0.49      0.00      1.75      0.00      0.00     97.76
                all      0.42      0.00      1.81      0.31      0.00     97.46
                all      0.50      0.00      1.79      0.00      0.00     97.70
start----
                all      3.32      0.00      9.22      0.15      0.00     87.31
                all      1.61      0.00      3.84      0.00      0.00     94.55
end------
                all      0.37      0.00      1.25      0.00      0.00     98.38
                all      0.50      0.00      1.74      0.00      0.00     97.76
                all      0.49      0.00      1.78      0.00      0.00     97.73
                all      0.47      0.00      1.74      0.00      0.00     97.79
start----
                all      5.87      0.00     12.34      0.22      0.00     81.57
                all      0.01      0.00      0.07      0.00      0.00     99.91
end------
                all      0.47      0.00      1.63      0.00      0.00     97.89
                all      0.47      0.00      1.78      0.19      0.00     97.55
                all      0.52      0.00      1.72      0.10      0.00     97.66
                all      0.53      0.00      1.71      0.00      0.00     97.76
                all     10.99      0.00     33.17      0.33      0.00     55.51
                all      0.49      0.00      1.76      0.01      0.00     97.73
                all      0.46      0.00      1.80      0.00      0.00     97.74
                all      0.43      0.00      1.81      0.00      0.00     97.76
                all      0.43      0.00      1.93      0.00      0.00     97.63
                all      0.47      0.00      1.77      0.00      0.00     97.76
                all      0.45      0.00      1.78      0.00      0.00     97.77
start----
                all      7.16      0.00     24.49      0.19      0.00     68.16
                all      0.09      0.00      0.40      0.01      0.00     99.50
end------
                all      0.42      0.00      1.45      0.00      0.00     98.13
                all      0.50      0.00      1.73      0.00      0.00     97.76
                all      0.47      0.00      1.75      0.00      0.00     97.78
                all      0.46      0.00      1.78      0.00      0.00     97.76
start----
                all      2.99      0.00     14.06      0.18      0.00     82.78
                all      3.95      0.00     12.57      0.01      0.00     83.46
end------
                all      0.30      0.00      1.23      0.00      0.00     98.47
                all      0.49      0.00      1.93      0.01      0.00     97.57
                all      0.44      0.00      1.79      0.03      0.00     97.73
                all      0.47      0.00      1.74      0.00      0.00     97.79
start----
                all      3.02      0.00     16.95      0.33      0.00     79.70
                all      4.00      0.00     10.77      0.00      0.00     85.23
end------
                all      0.37      0.00      1.24      0.00      0.00     98.39
                all      0.46      0.00      1.78      0.00      0.00     97.76
                all      0.47      0.00      1.76      0.01      0.00     97.75
                all      0.49      0.00      1.72      0.00      0.00     97.79
start----
                all      0.83      0.00      3.83      0.06      0.00     95.28
                all      7.43      0.00     21.81      0.06      0.00     70.70
end------
                all      0.25      0.00      0.91      0.00      0.00     98.84
                all      0.46      0.00      1.92      0.00      0.00     97.62
                all      0.50      0.00      1.75      0.00      0.00     97.75
                all      0.46      0.00      1.75      0.00      0.00     97.79
start----
                all      0.36      0.00      1.32      0.01      0.00     98.31
                all      6.20      0.00     27.73      0.19      0.00     65.88
end------
                all      0.15      0.00      0.56      0.00      0.00     99.29
                all      0.49      0.00      1.72      0.00      0.00     97.79
                all      0.43      0.00      1.79      0.01      0.00     97.76
                all      0.47      0.00      1.75      0.00      0.00     97.78
                all      0.43      0.00      1.59      0.00      0.00     97.98
start----
                all      6.41      0.00     26.65      0.18      0.00     66.76
end------
                all      0.04      0.00      0.21      0.01      0.00     99.73
                all      0.47      0.00      1.75      0.00      0.00     97.78
                all      0.46      0.00      1.78      0.00      0.00     97.76
                all      0.49      0.00      1.75      0.00      0.00     97.76
                all      0.45      0.00      1.77      0.00      0.00     97.79
start----
                all      7.69      0.00     23.02      0.13      0.00     69.16
                all      0.06      0.00      0.12      0.01      0.00     99.81
end------
                all      0.45      0.00      1.61      0.00      0.00     97.94
                all      0.46      0.00      1.75      0.00      0.00     97.79
                all      0.49      0.00      1.76      0.00      0.00     97.75
                all      0.50      0.00      1.71      0.00      0.00     97.79
start----
                all      7.21      0.00     25.60      0.42      0.00     66.78
end------
                all      0.03      0.00      0.09      0.00      0.00     99.88
                all      0.43      0.00      1.78      0.01      0.00     97.78
                all      0.45      0.00      1.93      0.00      0.00     97.62
                all      0.49      0.00      1.74      0.00      0.00     97.77
                all      0.49      0.00      1.72      0.00      0.00     97.79
start----
                all      7.28      0.00     12.02      0.18      0.00     80.52
                all      1.79      0.00      8.75      0.03      0.00     89.43
end------
                all      0.34      0.00      1.37      0.00      0.00     98.29
                all      0.47      0.00      1.76      0.00      0.00     97.76
                all      0.55      0.00      1.75      0.00      0.00     97.70
                all      0.74      0.00      2.08      0.03      0.00     97.15
start----
                all      6.67      0.00     20.32      0.12      0.00     72.89
                all      0.31      0.00      6.20      0.01      0.00     93.48
end------
                all      0.36      0.00      1.32      0.01      0.00     98.30
                all      0.46      0.00      1.77      0.00      0.00     97.77
                all      0.47      0.00      1.75      0.00      0.00     97.78
                all      0.46      0.00      1.81      0.00      0.00     97.73
                all      2.66      0.00     11.07      0.73      0.00     85.54
                all     12.89      0.00     21.54      0.03      0.00     65.54
                all     38.59      0.00     20.24      0.00      0.00     41.17
                all     33.61      0.00     47.46      0.00      0.00     18.93
                all      0.46      0.00      2.28      0.06      0.00     97.20
                all      0.46      0.00      3.07      0.09      0.00     96.38
                all      0.45      0.00      1.78      0.00      0.00     97.77
                all      0.50      0.00      1.73      0.00      0.00     97.76
                all      0.53      0.00      1.88      0.00      0.00     97.58
                all      0.52      0.00      1.71      0.00      0.00     97.78
start----
                all      4.50      0.00      8.32      0.21      0.00     86.97
                all     27.14      0.00     28.47      0.01      0.00     44.38
                all     35.40      0.00     43.58      0.00      0.00     21.02
                all      0.50      0.00      3.53      0.00      0.00     95.97
end------
                all      0.40      0.00      1.46      0.00      0.00     98.14
                all      0.47      0.00      1.76      0.00      0.00     97.76
                all      0.49      0.00      1.74      0.01      0.00     97.76
                all      0.46      0.00      1.78      0.00      0.00     97.76
start----
                all      1.44      0.00      4.87      0.21      0.00     93.49
                all     18.92      0.00     31.18      0.00      0.00     49.90
                all     18.23      0.00     39.23      0.00      0.00     42.54
end------
                all      0.13      0.00      0.62      0.01      0.00     99.23
                all      0.50      0.00      1.75      0.00      0.00     97.75
                all      0.47      0.00      1.76      0.01      0.00     97.75
                all      0.53      0.00      1.71      0.00      0.00     97.76
                all      0.45      0.00      1.77      0.00      0.00     97.79
start----
                all      4.17      0.00     23.39      0.18      0.00     72.26
                all     31.77      0.00     28.23      0.00      0.00     40.00
                all      0.65      0.00     18.60      0.01      0.00     80.73
end------
                all      0.27      0.00      1.01      0.00      0.00     98.72
                all      0.47      0.00      1.76      0.00      0.00     97.76
                all      0.47      0.00      1.78      0.00      0.00     97.75
                all      0.49      0.00      1.74      0.00      0.00     97.78
start----
                all      0.47      0.00      1.59      0.03      0.00     97.91
                all     16.48      0.00     29.27      0.12      0.00     54.12
                all     27.40      0.00     43.25      0.00      0.00     29.35
                all      0.03      0.00      0.49      0.01      0.00     99.47
end------
                all      0.46      0.00      1.68      0.00      0.00     97.86
                all      0.46      0.00      1.77      0.00      0.00     97.77
                all      0.49      0.00      1.75      0.00      0.00     97.76
                all      0.49      0.00      1.75      0.00      0.00     97.76
start----
                all      4.12      0.00     22.04      0.43      0.00     73.41
                all     28.09      0.00     17.85      0.03      0.00     54.03
                all     43.53      0.00     49.06      0.00      0.00      7.41
                all      0.10      0.00      1.69      0.01      0.00     98.19
end------
                all      0.39      0.00      1.46      0.00      0.00     98.15
                all      0.50      0.00      1.72      0.00      0.00     97.78
                all      0.52      0.00      1.76      0.00      0.00     97.72
                all      0.48      0.00      2.15      0.00      0.00     97.37
start----
                all      0.46      0.00      1.90      0.01      0.00     97.62
                all     10.79      0.00     19.10      0.31      0.00     69.80
                all     37.31      0.00     17.46      0.01      0.00     45.21
                all     23.70      0.00     40.59      0.01      0.00     35.70
end------
                all      0.03      0.00      0.44      0.01      0.00     99.51
                all      0.49      0.00      1.76      0.00      0.00     97.75
                all      0.52      0.00      1.71      0.00      0.00     97.77
                all      0.44      0.00      1.76      0.00      0.00     97.79
                all      0.47      0.00      1.78      0.00      0.00     97.75
start----
                all      2.81      0.00     12.54      0.12      0.00     84.53
                all     24.49      0.00     29.62      0.00      0.00     45.89
                all     12.78      0.00     36.99      0.00      0.00     50.22
end------
                all      0.13      0.00      0.50      0.01      0.00     99.35
                all      0.50      0.00      1.72      0.00      0.00     97.78
                all      0.47      0.00      1.78      0.00      0.00     97.75
                all      0.53      0.00      1.71      0.00      0.00     97.76
                all      0.50      0.00      1.74      0.00      0.00     97.76
start----
                all      6.51      0.00     22.77      0.24      0.00     70.48
                all     34.71      0.00     39.54      0.00      0.00     25.74
                all      0.65      0.00      8.00      0.03      0.00     91.32
end------
                all      0.43      0.00      1.35      0.00      0.00     98.22
                all      0.50      0.00      1.75      0.00      0.00     97.75
                all      0.50      0.00      1.75      0.00      0.00     97.75
                all      0.49      0.00      1.74      0.00      0.00     97.78
                all      0.38      0.00      1.32      0.01      0.00     98.28
start----
                all     10.00      0.00     30.11      0.15      0.00     59.75
                all     27.91      0.00     43.36      0.00      0.00     28.73
end------
                all      0.01      0.00      0.56      0.03      0.00     99.39
                all      0.53      0.00      1.72      0.00      0.00     97.75
                all      0.47      0.00      1.75      0.00      0.00     97.78
                all      0.46      0.00      1.77      0.00      0.00     97.78
                all      0.46      0.00      1.75      0.00      0.00     97.79
start----
                all      0.30      0.00      1.65      0.34      0.00     97.71
                all     34.35      0.00     29.16      0.22      0.00     36.27
                all     34.98      0.00     17.35      0.00      0.00     47.67
                all      9.96      0.00     35.32      0.00      0.00     54.73
end------
                all      0.21      0.00      0.74      0.01      0.00     99.04
                all      0.56      0.00      1.68      0.00      0.00     97.76
                all      0.50      0.00      1.76      0.00      0.00     97.73
                all      0.44      0.00      2.66      0.02      0.00     96.89
                all      0.48      0.00      2.17      0.02      0.00     97.34
End of data collecting unexpected
