
Linux 5.2.8200225+ (knl03.kisti.re.kr) 	2020년 04월 03일 	_x86_64_	(272 CPU)

                CPU     %user     %nice   %system   %iowait    %steal     %idle
                all      0.03      0.00      0.09      0.00      0.00     99.88
                all      0.02      0.00      0.08      0.15      0.00     99.74
                all      0.02      0.00      0.07      0.37      0.00     99.54
                all      0.01      0.00      0.07      0.37      0.00     99.55
                all      0.01      0.00      0.08      0.35      0.00     99.55
                all      0.02      0.00      0.14      0.25      0.00     99.59
                all      0.03      0.00      0.12      0.07      0.00     99.79
                all      0.03      0.00      0.12      0.00      0.00     99.85
                all      0.08      0.00      0.18      0.07      0.00     99.67
                all      0.02      0.00      0.22      0.01      0.00     99.76
                all      0.01      0.00      0.08      0.00      0.00     99.91
                all      0.01      0.00      0.06      0.00      0.00     99.92
start----
                all      0.02      0.00      0.10      0.00      0.00     99.88
                all      0.14      0.00      2.60      0.01      0.00     97.24
                all      0.04      0.00      0.84      0.01      0.00     99.11
end------
                all      0.07      0.00      0.27      0.00      0.00     99.66
                all      0.11      0.00      0.47      0.00      0.00     99.42
                all      0.11      0.00      0.47      0.00      0.00     99.42
start----
                all      0.15      0.00      0.93      0.02      0.00     98.90
                all      0.06      0.00      2.70      0.00      0.00     97.24
end------
                all      0.01      0.00      0.06      0.00      0.00     99.93
                all      0.10      0.00      0.45      0.00      0.00     99.44
                all      0.11      0.00      0.46      0.00      0.00     99.43
                all      0.11      0.00      0.46      0.00      0.00     99.43
start----
                all      0.09      0.00      1.70      0.02      0.00     98.19
                all      0.05      0.00      1.78      0.00      0.00     98.17
end------
                all      0.04      0.00      0.18      0.00      0.00     99.79
                all      0.11      0.00      0.46      0.00      0.00     99.43
                all      0.11      0.00      0.46      0.00      0.00     99.42
start----
                all      0.10      0.00      0.42      0.00      0.00     99.47
                all      0.08      0.00      2.63      0.01      0.00     97.27
                all      0.03      0.00      3.00      0.00      0.00     96.97
                all      0.05      0.00      0.94      0.00      0.00     99.00
end------
                all      0.06      0.00      0.28      0.00      0.00     99.67
                all      0.11      0.00      0.46      0.00      0.00     99.43
                all      0.11      0.00      0.46      0.00      0.00     99.43
start----
                all      0.13      0.00      0.75      0.02      0.00     99.10
                all      0.03      0.00      3.01      0.00      0.00     96.96
                all      0.06      0.00      2.98      0.00      0.00     96.97
                all      0.02      0.00      0.07      0.00      0.00     99.90
end------
                all      0.08      0.00      0.32      0.00      0.00     99.60
                all      0.10      0.00      0.47      0.00      0.00     99.43
                all      0.11      0.00      0.46      0.00      0.00     99.43
start----
                all      0.11      0.00      1.08      0.02      0.00     98.78
                all      0.05      0.00      2.99      0.00      0.00     96.96
                all      0.06      0.00      2.63      0.00      0.00     97.31
                all      0.03      0.00      0.07      0.00      0.00     99.90
end------
                all      0.09      0.00      0.41      0.00      0.00     99.50
                all      0.11      0.00      0.46      0.00      0.00     99.43
                all      0.11      0.00      0.47      0.00      0.00     99.42
start----
                all      0.10      0.00      1.38      0.01      0.00     98.51
                all      0.03      0.00      3.01      0.00      0.00     96.96
                all      0.03      0.00      3.45      0.00      0.00     96.51
                all      0.07      0.00      3.30      0.00      0.00     96.63
                all      0.02      0.00      3.02      0.00      0.00     96.96
                all      0.18      0.00      0.27      0.01      0.00     99.54
end------
                all      0.08      0.00      0.32      0.00      0.00     99.60
                all      0.11      0.00      0.46      0.00      0.00     99.43
                all      0.11      0.00      0.46      0.07      0.00     99.36
start----
                all      0.11      0.00      1.15      0.02      0.00     98.72
                all      0.03      0.00      3.00      0.00      0.00     96.97
                all      0.03      0.00      3.40      0.00      0.00     96.57
                all      0.06      0.00      3.35      0.00      0.00     96.59
                all      0.01      0.00      3.02      0.00      0.00     96.97
                all      0.11      0.00      0.29      0.00      0.00     99.60
end------
                all      0.06      0.00      0.28      0.00      0.00     99.66
                all      0.12      0.00      0.46      0.00      0.00     99.42
                all      0.11      0.00      0.47      0.00      0.00     99.42
start----
                all      0.13      0.00      0.79      0.02      0.00     99.06
                all      0.04      0.00      3.00      0.00      0.00     96.96
                all      0.04      0.00      3.30      0.00      0.00     96.66
                all      0.11      0.00      3.41      0.00      0.00     96.49
                all      0.01      0.00      3.03      0.00      0.00     96.96
                all      0.13      0.00      0.76      0.00      0.00     99.11
end------
                all      0.06      0.00      0.27      0.00      0.00     99.67
                all      0.12      0.00      0.45      0.00      0.00     99.43
                all      0.12      0.00      0.46      0.07      0.00     99.34
start----
                all      0.12      0.00      0.85      0.02      0.00     99.01
                all      0.05      0.00      3.08      0.00      0.00     96.87
                all      0.04      0.00      3.30      0.00      0.00     96.66
                all      0.03      0.00      3.59      0.00      0.00     96.38
                all      0.03      0.00      3.59      0.00      0.00     96.38
                all      0.04      0.00      3.60      0.00      0.00     96.36
                all      0.02      0.00      2.00      1.55      0.00     96.43
                all      0.45      0.00      1.99      1.04      0.00     96.52
                all      0.02      0.00      3.06      0.00      0.00     96.93
                all      0.02      0.00      3.03      0.00      0.00     96.95
                all      0.30      0.00      2.11      0.01      0.00     97.58
end------
                all      0.01      0.00      0.06      0.00      0.00     99.94
                all      0.12      0.00      0.46      0.00      0.00     99.42
                all      0.11      0.00      0.47      0.00      0.00     99.42
                all      0.10      0.00      0.47      0.00      0.00     99.43
start----
                all      0.09      0.00      2.08      0.02      0.00     97.81
                all      0.04      0.00      3.00      0.00      0.00     96.96
                all      0.10      0.00      3.56      0.03      0.00     96.30
                all      0.04      0.00      3.58      0.00      0.00     96.39
                all      0.03      0.00      3.65      0.00      0.00     96.33
                all      0.03      0.00      2.83      0.72      0.00     96.42
                all      0.03      0.00      1.86      1.74      0.00     96.37
                all      0.17      0.00      2.79      0.26      0.00     96.78
                all      0.02      0.00      3.02      0.00      0.00     96.96
                all      0.01      0.00      3.02      0.00      0.00     96.97
                all      0.39      0.00      0.56      0.01      0.00     99.05
end------
                all      0.04      0.00      0.18      0.00      0.00     99.77
                all      0.11      0.00      0.45      0.00      0.00     99.44
                all      0.12      0.00      0.46      0.07      0.00     99.35
start----
                all      0.11      0.00      0.41      0.01      0.00     99.48
                all      0.07      0.00      2.90      0.01      0.00     97.01
                all      0.03      0.00      3.11      0.00      0.00     96.86
                all      0.03      0.00      3.58      0.00      0.00     96.39
                all      0.03      0.00      3.62      0.00      0.00     96.35
                all      0.03      0.00      3.62      0.00      0.00     96.34
                all      0.02      0.00      2.41      1.16      0.00     96.40
                all      0.34      0.00      1.97      1.19      0.00     96.51
                all      0.02      0.00      3.07      0.00      0.00     96.91
                all      0.02      0.00      3.02      0.00      0.00     96.96
                all      0.15      0.00      2.46      0.00      0.00     97.39
end------
                all      0.01      0.00      0.03      0.00      0.00     99.96
                all      0.11      0.00      0.45      0.00      0.00     99.44
                all      0.12      0.00      0.45      0.00      0.00     99.42
                all      0.12      0.00      0.45      0.00      0.00     99.43
start----
                all      0.17      0.00      3.59      0.01      0.00     96.23
                all      0.04      0.00      2.11      0.00      0.00     97.85
end------
                all      0.06      0.00      0.24      0.00      0.00     99.70
                all      0.12      0.00      0.45      0.00      0.00     99.43
                all      0.13      0.00      0.44      0.07      0.00     99.37
start----
                all      0.17      0.00      0.86      0.03      0.00     98.93
                all      0.08      0.00      5.05      0.00      0.00     94.87
end------
                all      0.00      0.00      0.02      0.00      0.00     99.97
                all      0.12      0.00      0.45      0.00      0.00     99.43
                all      0.11      0.00      0.46      0.04      0.00     99.39
                all      0.11      0.00      0.46      0.03      0.00     99.41
start----
                all      0.17      0.00      3.55      0.02      0.00     96.25
                all      0.04      0.00      2.13      0.00      0.00     97.83
end------
                all      0.06      0.00      0.25      0.00      0.00     99.69
                all      0.11      0.00      0.46      0.00      0.00     99.43
                all      0.11      0.00      0.48      0.07      0.00     99.34
start----
                all      0.18      0.00      0.91      0.02      0.00     98.89
                all      0.07      0.00      5.98      0.00      0.00     93.94
                all      0.06      0.00      4.34      0.00      0.00     95.59
end------
                all      0.01      0.00      0.07      0.00      0.00     99.92
                all      0.11      0.00      0.46      0.00      0.00     99.43
                all      0.10      0.00      0.46      0.07      0.00     99.36
                all      0.12      0.00      0.45      0.00      0.00     99.44
start----
                all      0.16      0.00      4.18      0.02      0.00     95.64
                all      0.06      0.00      5.94      0.00      0.00     94.00
                all      0.05      0.00      0.80      0.00      0.00     99.15
end------
                all      0.07      0.00      0.35      0.00      0.00     99.58
                all      0.11      0.00      0.45      0.00      0.00     99.44
                all      0.10      0.00      0.46      0.00      0.00     99.44
start----
                all      0.19      0.00      1.95      0.03      0.00     97.83
                all      0.13      0.00      5.87      0.00      0.00     94.00
                all      0.05      0.00      3.23      0.00      0.00     96.72
end------
                all      0.04      0.00      0.16      0.00      0.00     99.80
                all      0.11      0.00      0.45      0.00      0.00     99.44
                all      0.12      0.00      0.45      0.07      0.00     99.36
start----
                all      0.11      0.00      0.42      0.00      0.00     99.47
                all      0.14      0.00      5.36      0.03      0.00     94.48
                all      0.04      0.00      6.32      0.00      0.00     93.64
                all      0.13      0.00      6.10      0.00      0.00     93.77
                all      0.42      0.00      4.48      0.00      0.00     95.10
end------
                all      0.01      0.00      0.06      0.00      0.00     99.93
                all      0.11      0.00      0.45      0.00      0.00     99.44
                all      0.11      0.00      0.47      0.00      0.00     99.42
                all      0.12      0.00      0.46      0.00      0.00     99.42
start----
                all      0.17      0.00      3.68      0.03      0.00     96.13
                all      0.06      0.00      6.10      0.00      0.00     93.84
                all      0.13      0.00      6.19      0.00      0.00     93.68
                all      0.03      0.00      5.96      0.00      0.00     94.01
                all      0.36      0.00      0.40      0.00      0.00     99.24
end------
                all      0.06      0.00      0.27      0.00      0.00     99.67
                all      0.11      0.00      0.45      0.00      0.00     99.44
                all      0.11      0.00      0.46      0.00      0.00     99.43
start----
                all      0.19      0.00      1.11      0.03      0.00     98.67
                all      0.06      0.00      5.95      0.00      0.00     93.99
                all      0.13      0.00      6.30      0.00      0.00     93.57
                all      0.02      0.00      6.03      0.00      0.00     93.95
                all      0.39      0.00      3.08      0.00      0.00     96.52
end------
                all      0.04      0.00      0.17      0.00      0.00     99.79
                all      0.11      0.00      0.45      0.00      0.00     99.44
                all      0.11      0.00      0.46      0.00      0.00     99.42
start----
                all      0.11      0.00      0.42      0.00      0.00     99.47
                all      0.15      0.00      5.11      0.03      0.00     94.71
                all      0.03      0.00      6.27      0.00      0.00     93.70
                all      0.03      0.00      6.53      0.00      0.00     93.44
                all      0.03      0.00      5.59      0.85      0.00     93.53
                all      0.51      0.00      2.52      3.37      0.00     93.60
                all      0.01      0.00      5.99      0.00      0.00     93.99
                all      0.01      0.00      5.98      0.00      0.00     94.01
                all      0.02      0.00      5.97      0.00      0.00     94.01
                all      0.35      0.00      0.47      0.00      0.00     99.17
end------
                all      0.06      0.00      0.29      0.00      0.00     99.65
                all      0.10      0.00      0.46      0.00      0.00     99.44
                all      0.11      0.00      0.46      0.00      0.00     99.42
start----
                all      0.19      0.00      0.96      0.02      0.00     98.83
                all      0.04      0.00      5.95      0.00      0.00     94.01
                all      0.04      0.00      6.39      0.00      0.00     93.57
                all      0.03      0.00      6.49      0.00      0.00     93.48
                all      0.04      0.00      4.90      1.54      0.00     93.53
                all      1.44      0.00      2.51      2.53      0.00     93.52
                all      0.02      0.00      6.02      0.00      0.00     93.96
                all      0.01      0.00      5.97      0.00      0.00     94.01
                all      0.02      0.00      5.98      0.00      0.00     94.00
                all      0.14      0.00      0.66      0.00      0.00     99.20
end------
                all      0.07      0.00      0.29      0.00      0.00     99.64
                all      0.12      0.00      0.45      0.00      0.00     99.44
                all      0.11      0.00      0.46      0.00      0.00     99.42
start----
                all      0.20      0.00      0.85      0.01      0.00     98.94
                all      0.06      0.00      5.93      0.00      0.00     94.01
                all      0.03      0.00      6.39      0.00      0.00     93.58
                all      0.03      0.00      6.57      0.00      0.00     93.40
                all      0.03      0.00      4.81      1.70      0.00     93.45
                all      0.55      0.00      2.78      3.16      0.00     93.51
                all      0.01      0.00      6.03      0.00      0.00     93.95
                all      0.02      0.00      5.97      0.00      0.00     94.01
                all      0.21      0.00      5.78      0.00      0.00     94.01
                all      0.33      0.00      0.27      0.00      0.00     99.39
end------
                all      0.07      0.00      0.27      0.00      0.00     99.66
                all      0.12      0.00      0.45      0.00      0.00     99.43
                all      0.12      0.00      0.46      0.07      0.00     99.35
start----
                all      0.29      0.00      1.84      0.01      0.00     97.86
                all      0.12      0.00      9.48      0.00      0.00     90.40
end------
                all      0.01      0.00      0.05      0.00      0.00     99.94
                all      0.11      0.00      0.45      0.00      0.00     99.44
                all      0.10      0.00      0.47      0.00      0.00     99.43
                all      0.12      0.00      0.45      0.00      0.00     99.43
start----
                all      0.29      0.00      6.99      0.03      0.00     92.68
                all      0.07      0.00      4.20      0.00      0.00     95.73
end------
                all      0.06      0.00      0.24      0.00      0.00     99.70
                all      0.11      0.00      0.46      0.00      0.00     99.44
                all      0.11      0.00      0.46      0.07      0.00     99.35
start----
                all      0.28      0.00      1.02      0.02      0.00     98.68
                all      0.13      0.00     10.34      0.00      0.00     89.54
end------
                all      0.00      0.00      0.03      0.00      0.00     99.96
                all      0.11      0.00      0.46      0.00      0.00     99.42
                all      0.11      0.00      0.45      0.00      0.00     99.43
                all      0.11      0.00      0.47      0.00      0.00     99.42
start----
                all      0.25      0.00      6.16      0.01      0.00     93.57
                all      0.08      0.00     11.80      0.00      0.00     88.11
                all      0.06      0.00      3.56      0.00      0.00     96.38
end------
                all      0.06      0.00      0.24      0.00      0.00     99.70
                all      0.11      0.00      0.45      0.00      0.00     99.44
                all      0.11      0.00      0.46      0.00      0.00     99.44
start----
                all      0.32      0.00      1.50      0.03      0.00     98.15
                all      0.12      0.00     11.76      0.00      0.00     88.12
                all      0.07      0.00      8.26      0.00      0.00     91.67
end------
                all      0.01      0.00      0.09      0.00      0.00     99.90
                all      0.12      0.00      0.45      0.00      0.00     99.44
                all      0.12      0.00      0.45      0.00      0.00     99.43
                all      0.11      0.00      0.45      0.00      0.00     99.43
start----
                all      0.28      0.00      8.32      0.02      0.00     91.38
                all      0.10      0.00     11.78      0.00      0.00     88.12
                all      0.05      0.00      1.23      0.01      0.00     98.71
end------
                all      0.08      0.00      0.33      0.00      0.00     99.59
                all      0.11      0.00      0.45      0.00      0.00     99.44
                all      0.12      0.00      0.45      0.07      0.00     99.36
start----
                all      0.30      0.00      3.75      0.03      0.00     95.92
                all      0.04      0.00     11.91      0.00      0.00     88.06
                all      0.24      0.00     12.11      0.00      0.00     87.66
                all      0.04      0.00     11.98      0.00      0.00     87.98
                all      0.17      0.00      3.74      0.00      0.00     96.09
end------
                all      0.07      0.00      0.27      0.00      0.00     99.66
                all      0.12      0.00      0.45      0.00      0.00     99.44
                all      0.10      0.00      0.47      0.00      0.00     99.43
start----
                all      0.30      0.00      1.10      0.02      0.00     98.58
                all      0.06      0.00     11.80      0.00      0.00     88.14
                all      0.08      0.00     12.30      0.00      0.00     87.62
                all      0.01      0.00     11.91      0.00      0.00     88.07
                all      0.20      0.00      6.08      0.00      0.00     93.71
end------
                all      0.03      0.00      0.17      0.00      0.00     99.79
                all      0.12      0.00      0.45      0.00      0.00     99.43
                all      0.11      0.00      0.45      0.00      0.00     99.43
start----
                all      0.10      0.00      0.40      0.00      0.00     99.49
                all      0.25      0.00     10.50      0.01      0.00     89.23
                all      0.04      0.00     12.23      0.00      0.00     87.72
                all      0.18      0.00     11.83      0.01      0.00     87.97
                all      0.41      0.00      8.56      0.00      0.00     91.03
end------
                all      0.03      0.00      0.09      0.00      0.00     99.89
                all      0.11      0.00      0.45      0.00      0.00     99.44
                all      0.12      0.00      0.45      0.00      0.00     99.43
                all      0.11      0.00      0.45      0.00      0.00     99.44
start----
                all      0.27      0.00      7.61      0.02      0.00     92.10
                all      0.04      0.00     12.10      0.00      0.00     87.86
                all      0.04      0.00     12.41      0.00      0.00     87.55
                all      0.04      0.00     12.37      0.00      0.00     87.59
                all      0.11      0.00     12.00      0.00      0.00     87.89
                all      0.02      0.00     11.88      0.00      0.00     88.10
                all      0.01      0.00     11.88      0.00      0.00     88.11
                all      0.30      0.00      6.03      0.00      0.00     93.67
end------
                all      0.04      0.00      0.15      0.00      0.00     99.81
                all      0.12      0.00      0.45      0.00      0.00     99.44
                all      0.13      0.00      0.44      0.07      0.00     99.36
start----
                all      0.11      0.00      0.41      0.00      0.00     99.48
                all      0.25      0.00     10.31      0.03      0.00     89.41
                all      0.06      0.00     12.20      0.00      0.00     87.74
                all      0.03      0.00     12.31      0.00      0.00     87.66
                all      0.04      0.00     12.34      0.01      0.00     87.61
                all      0.11      0.00     11.89      0.00      0.00     87.99
                all      0.01      0.00     11.87      0.00      0.00     88.12
                all      0.02      0.00     11.87      0.00      0.00     88.11
                all      0.56      0.00      3.67      0.01      0.00     95.76
end------
                all      0.03      0.00      0.14      0.00      0.00     99.82
                all      0.11      0.00      0.45      0.00      0.00     99.43
                all      0.13      0.00      0.45      0.00      0.00     99.42
start----
                all      0.10      0.00      0.42      0.00      0.00     99.48
                all      0.25      0.00      9.95      0.02      0.00     89.77
                all      0.04      0.00     12.17      0.00      0.00     87.79
                all      0.03      0.00     12.30      0.01      0.00     87.66
                all      0.03      0.00     12.36      0.00      0.00     87.61
                all      1.00      0.00     11.03      0.03      0.00     87.95
                all      0.01      0.00     11.88      0.00      0.00     88.10
                all      0.02      0.00     11.87      0.00      0.00     88.11
                all      0.43      0.00      5.21      0.00      0.00     94.35
end------
                all      0.02      0.00      0.09      0.00      0.00     99.89
                all      0.11      0.00      0.45      0.00      0.00     99.43
                all      0.11      0.00      0.45      0.07      0.00     99.37
start----
                all      0.12      0.00      0.44      0.00      0.00     99.44
                all      0.72      0.00     16.25      0.07      0.00     82.97
                all      0.15      0.00      6.47      0.00      0.00     93.39
end------
                all      0.07      0.00      0.28      0.00      0.00     99.64
                all      0.13      0.00      0.50      0.00      0.00     99.37
                all      0.12      0.00      0.45      0.00      0.00     99.42
start----
                all      0.54      0.00      2.15      0.04      0.00     97.27
                all      0.39      0.00     20.39      0.00      0.00     79.22
                all      0.01      0.00      0.05      0.01      0.00     99.93
end------
                all      0.11      0.00      0.40      0.00      0.00     99.49
                all      0.12      0.00      0.46      0.02      0.00     99.40
                all      0.12      0.00      0.45      0.05      0.00     99.38
start----
                all      0.61      0.00     10.25      0.06      0.00     89.07
                all      0.26      0.00     12.20      0.00      0.00     87.54
end------
                all      0.03      0.00      0.14      0.00      0.00     99.83
                all      0.11      0.00      0.46      0.00      0.00     99.43
                all      0.11      0.00      0.45      0.00      0.00     99.43
start----
                all      0.11      0.00      0.41      0.00      0.00     99.48
                all      0.60      0.00     18.72      0.04      0.00     80.64
                all      0.25      0.00     23.32      0.00      0.00     76.43
                all      0.03      0.00      0.23      0.00      0.00     99.75
end------
                all      0.10      0.00      0.38      0.00      0.00     99.51
                all      0.12      0.00      0.45      0.00      0.00     99.44
                all      0.12      0.00      0.45      0.00      0.00     99.43
start----
                all      0.76      0.00      7.97      0.08      0.00     91.18
                all      0.12      0.00     23.55      0.00      0.00     76.33
                all      0.14      0.00     10.95      0.01      0.00     88.91
end------
                all      0.03      0.00      0.17      0.00      0.00     99.79
                all      0.12      0.00      0.44      0.00      0.00     99.44
                all      0.12      0.00      0.45      0.00      0.00     99.44
start----
                all      0.11      0.00      0.41      0.00      0.00     99.47
                all      0.62      0.00     20.07      0.05      0.00     79.26
                all      0.27      0.00     21.94      0.00      0.00     77.79
                all      0.01      0.00      0.05      0.00      0.00     99.93
end------
                all      0.11      0.00      0.40      0.00      0.00     99.49
                all      0.11      0.00      0.45      0.00      0.00     99.44
                all      0.11      0.00      0.45      0.00      0.00     99.43
start----
                all      0.60      0.00      9.53      0.04      0.00     89.82
                all      0.06      0.00     23.79      0.00      0.00     76.15
                all      0.19      0.00     23.85      0.03      0.00     75.93
                all      0.12      0.00     23.96      0.00      0.00     75.91
                all      0.37      0.00      3.89      0.01      0.00     95.73
end------
                all      0.07      0.00      0.29      0.00      0.00     99.64
                all      0.12      0.00      0.45      0.00      0.00     99.43
                all      0.12      0.00      0.45      0.07      0.00     99.36
start----
                all      0.72      0.00      3.41      0.06      0.00     95.82
                all      0.04      0.00     23.64      0.00      0.00     76.32
                all      0.18      0.00     23.89      0.02      0.00     75.91
                all      0.01      0.00     23.71      0.00      0.00     76.30
                all      0.29      0.00      9.55      0.00      0.00     90.16
end------
                all      0.04      0.00      0.14      0.00      0.00     99.82
                all      0.11      0.00      0.46      0.00      0.00     99.44
                all      0.12      0.00      0.45      0.00      0.00     99.43
start----
                all      0.11      0.00      0.42      0.00      0.00     99.47
                all      0.62      0.00     17.20      0.04      0.00     82.14
                all      0.04      0.00     23.92      0.00      0.00     76.04
                all      0.17      0.00     23.64      0.02      0.00     76.17
                all      0.33      0.00     19.13      0.00      0.00     80.54
end------
                all      0.01      0.00      0.03      0.00      0.00     99.96
                all      0.11      0.00      0.44      0.00      0.00     99.45
                all      0.11      0.00      0.47      0.00      0.00     99.42
                all      0.12      0.00      0.45      0.00      0.00     99.43
start----
                all      0.70      0.00     11.99      0.05      0.00     87.26
                all      0.04      0.00     23.82      0.00      0.00     76.13
                all      0.06      0.00     24.19      0.01      0.00     75.74
                all      0.04      0.00     24.13      0.00      0.00     75.82
                all      0.22      0.00     23.69      0.00      0.00     76.09
                all      0.02      0.00     23.69      0.00      0.00     76.29
                all      0.01      0.00     23.69      0.00      0.00     76.30
                all      0.38      0.00     12.97      0.01      0.00     86.65
end------
                all      0.04      0.00      0.15      0.00      0.00     99.81
                all      0.12      0.00      0.45      0.00      0.00     99.43
                all      0.12      0.00      0.45      0.00      0.00     99.43
start----
                all      0.12      0.00      0.41      0.00      0.00     99.48
                all      0.59      0.00     17.73      0.03      0.00     81.65
                all      0.04      0.00     23.93      0.00      0.00     76.02
                all      0.05      0.00     24.09      0.00      0.00     75.86
                all      0.04      0.00     24.12      0.01      0.00     75.84
                all      0.26      0.00     23.38      0.00      0.00     76.36
                all      0.02      0.00     23.70      0.00      0.00     76.28
                all      0.02      0.00     23.69      0.00      0.00     76.29
                all      0.58      0.00      7.38      0.01      0.00     92.03
end------
                all      0.03      0.00      0.15      0.00      0.00     99.82
                all      0.12      0.00      0.44      0.00      0.00     99.44
                all      0.12      0.00      0.45      0.00      0.00     99.43
start----
                all      0.11      0.00      0.41      0.00      0.00     99.48
                all      0.63      0.00     18.50      0.06      0.00     80.82
                all      0.03      0.00     23.95      0.00      0.00     76.01
                all      0.04      0.00     24.13      0.00      0.00     75.83
                all      0.04      0.00     24.09      0.01      0.00     75.86
                all      0.25      0.00     23.44      0.00      0.00     76.31
                all      0.01      0.00     23.70      0.00      0.00     76.29
                all      0.01      0.00     23.69      0.00      0.00     76.29
                all      0.50      0.00      5.93      0.00      0.00     93.57
end------
                all      0.05      0.00      0.17      0.00      0.00     99.78
                all      0.12      0.00      0.44      0.00      0.00     99.44
                all      0.13      0.00      0.44      0.07      0.00     99.37
start----
                all      0.10      0.00      0.41      0.00      0.00     99.49
                all      2.51      0.00     35.51      0.07      0.00     61.90
                all      0.52      0.00     25.81      0.00      0.00     73.67
end------
                all      0.03      0.00      0.11      0.00      0.00     99.87
                all      0.13      0.00      0.44      0.00      0.00     99.43
                all      0.12      0.00      0.45      0.07      0.00     99.37
start----
                all      0.12      0.00      0.43      0.00      0.00     99.45
                all      2.03      0.00     27.46      0.11      0.00     70.40
                all      0.90      0.00     34.49      0.00      0.00     64.61
end------
                all      0.00      0.00      0.03      0.00      0.00     99.97
                all      0.11      0.00      0.46      0.00      0.00     99.43
                all      0.13      0.00      0.45      0.00      0.00     99.43
                all      0.13      0.00      0.44      0.00      0.00     99.43
start----
                all      2.26      0.00     19.49      0.07      0.00     78.19
                all      0.94      0.00     41.66      0.00      0.00     57.40
                all      0.03      0.00      0.07      0.00      0.00     99.90
end------
                all      0.10      0.00      0.39      0.00      0.00     99.51
                all      0.13      0.00      0.44      0.00      0.00     99.44
                all      0.12      0.00      0.45      0.00      0.00     99.43
start----
                all      2.28      0.00     10.97      0.06      0.00     86.69
                all      0.06      0.00     47.26      0.00      0.00     52.68
                all      0.47      0.00     45.73      0.00      0.00     53.81
                all      0.51      0.00      6.67      0.01      0.00     92.81
end------
                all      0.07      0.00      0.27      0.00      0.00     99.66
                all      0.13      0.00      0.43      0.00      0.00     99.44
                all      0.12      0.00      0.45      0.00      0.00     99.43
start----
                all      0.40      0.00      3.97      0.04      0.00     95.60
                all      1.86      0.00     43.08      0.04      0.00     55.02
                all      0.50      0.00     45.89      0.00      0.00     53.62
                all      0.57      0.00     18.52      0.00      0.00     80.92
end------
                all      0.03      0.00      0.16      0.00      0.00     99.81
                all      0.13      0.00      0.44      0.00      0.00     99.44
                all      0.11      0.00      0.45      0.07      0.00     99.36
start----
                all      0.12      0.00      0.40      0.01      0.00     99.48
                all      2.19      0.00     33.51      0.07      0.00     64.23
                all      0.49      0.00     46.18      0.00      0.00     53.33
                all      0.61      0.00     30.75      0.00      0.00     68.64
end------
                all      0.01      0.00      0.04      0.00      0.00     99.94
                all      0.12      0.00      0.45      0.00      0.00     99.43
                all      0.12      0.00      0.45      0.00      0.00     99.43
                all      0.13      0.00      0.44      0.00      0.00     99.43
start----
                all      2.17      0.00     20.85      0.06      0.00     76.92
                all      0.05      0.00     47.29      0.00      0.00     52.66
                all      0.51      0.00     46.53      0.01      0.00     52.95
                all      0.02      0.00     46.25      0.03      0.00     53.70
                all      0.47      0.00     45.87      0.00      0.00     53.66
                all      0.58      0.00      4.78      0.00      0.00     94.63
end------
                all      0.09      0.00      0.32      0.00      0.00     99.58
                all      0.12      0.00      0.45      0.00      0.00     99.43
                all      0.13      0.00      0.44      0.00      0.00     99.43
start----
                all      1.03      0.00      4.32      0.05      0.00     94.60
                all      1.38      0.00     44.27      0.02      0.00     54.33
                all      0.04      0.00     47.54      0.01      0.00     52.41
                all      0.48      0.00     45.30      0.03      0.00     54.20
                all      0.02      0.00     46.25      0.00      0.00     53.73
                all      1.33      0.00     21.20      0.00      0.00     77.46
end------
                all      0.07      0.00      0.26      0.01      0.00     99.66
                all      0.22      0.00      0.65      0.01      0.00     99.11
                all      0.14      0.00      0.45      0.01      0.00     99.40
start----
                all      0.14      0.00      0.51      0.06      0.00     99.29
                all      2.15      0.00     31.87      0.07      0.00     65.91
                all      0.06      0.00     47.41      0.00      0.00     52.53
                all      0.49      0.00     46.04      0.14      0.00     53.33
                all      0.08      0.00     46.47      0.07      0.00     53.38
                all      1.23      0.00     40.50      0.01      0.00     58.26
                all      0.02      0.00      0.14      0.01      0.00     99.83
end------
                all      0.10      0.00      0.38      0.00      0.00     99.52
                all      0.12      0.00      0.44      0.00      0.00     99.44
                all      0.14      0.00      0.44      0.00      0.00     99.42
start----
                all      0.99      0.00      5.87      0.06      0.00     93.07
                all      1.19      0.00     45.18      0.01      0.00     53.62
                all      0.04      0.00     47.64      0.00      0.00     52.32
                all      0.04      0.00     47.70      0.00      0.00     52.25
                all      0.05      0.00     47.73      0.00      0.00     52.22
                all      0.48      0.00     46.21      0.00      0.00     53.31
                all      0.01      0.00     46.25      0.00      0.00     53.74
                all      0.02      0.00     46.23      0.00      0.00     53.75
                all      0.01      0.00     46.19      0.00      0.00     53.80
                all      0.91      0.00     37.48      0.00      0.00     61.61
                all      0.03      0.00      0.07      0.00      0.00     99.90
end------
                all      0.09      0.00      0.31      0.00      0.00     99.60
                all      0.15      0.00      0.42      0.00      0.00     99.42
                all      0.14      0.00      0.43      0.07      0.00     99.36
start----
                all      1.29      0.00      6.97      0.06      0.00     91.68
                all      0.99      0.00     45.53      0.03      0.00     53.45
                all      0.05      0.00     47.57      0.00      0.00     52.37
                all      0.05      0.00     47.80      0.00      0.00     52.15
                all      0.05      0.00     47.84      0.00      0.00     52.11
                all      0.52      0.00     45.99      0.01      0.00     53.48
                all      0.02      0.00     46.27      0.00      0.00     53.72
                all      0.02      0.00     46.25      0.00      0.00     53.74
                all      0.01      0.00     46.19      0.00      0.00     53.80
                all      1.21      0.00     33.94      0.00      0.00     64.85
                all      0.03      0.00      0.08      0.01      0.00     99.89
end------
                all      0.11      0.00      0.38      0.00      0.00     99.52
                all      0.13      0.00      0.43      0.00      0.00     99.44
                all      0.14      0.00      0.44      0.00      0.00     99.43
start----
                all      1.51      0.00      8.69      0.10      0.00     89.70
                all      0.76      0.00     45.68      0.05      0.00     53.51
                all      0.04      0.00     47.53      0.00      0.00     52.43
                all      0.05      0.00     47.60      0.00      0.00     52.35
                all      0.04      0.00     47.61      0.00      0.00     52.35
                all     15.71      0.00     31.98      0.07      0.00     52.24
                all      3.37      0.00     42.66      0.02      0.00     53.95
                all      0.02      0.00     46.23      0.00      0.00     53.75
                all      0.02      0.00     46.22      0.00      0.00     53.77
                all      0.02      0.00     46.21      0.00      0.00     53.78
                all      0.84      0.00     14.52      0.00      0.00     84.64
end------
                all      0.04      0.00      0.14      0.00      0.00     99.82
                all      0.14      0.00      0.43      0.00      0.00     99.44
                all      0.14      0.00      0.44      0.00      0.00     99.42
start----
                all      0.14      0.00      0.39      0.00      0.00     99.47
                all      4.63      0.00     31.89      0.13      0.00     63.34
                all     13.45      0.00     68.28      0.05      0.00     18.22
                all      6.42      0.00     78.76      0.01      0.00     14.81
                all      0.07      0.00      5.01      0.00      0.00     94.92
end------
                all      0.04      0.00      0.13      0.00      0.00     99.83
                all      0.14      0.00      0.43      0.00      0.00     99.43
                all      0.14      0.00      0.43      0.07      0.00     99.36
start----
                all      0.13      0.00      0.39      0.00      0.00     99.48
                all      5.99      0.00     33.72      0.16      0.00     60.13
                all     11.79      0.00     69.86      0.03      0.00     18.31
                all      6.40      0.00     77.25      0.04      0.00     16.32
                all      0.11      0.00      3.44      0.01      0.00     96.44
end------
                all      0.06      0.00      0.24      0.00      0.00     99.70
                all      0.14      0.00      0.43      0.00      0.00     99.43
                all      0.15      0.00      0.42      0.00      0.00     99.43
start----
                all      0.31      0.00      3.34      0.08      0.00     96.28
                all     11.84      0.00     43.53      0.09      0.00     44.53
                all      5.32      0.00     81.85      0.00      0.00     12.83
                all      5.06      0.00     57.75      0.00      0.00     37.18
                all      0.03      0.00      0.11      0.00      0.00     99.87
end------
                all      0.10      0.00      0.35      0.00      0.00     99.55
                all      0.13      0.00      0.45      0.00      0.00     99.42
                all      0.14      0.00      0.42      0.00      0.00     99.43
start----
                all      0.93      0.00     15.07      0.26      0.00     83.74
                all     11.70      0.00     50.97      0.09      0.00     37.24
                all      0.14      0.00     87.23      0.00      0.00     12.63
                all      5.24      0.00     80.98      0.00      0.00     13.78
                all      6.27      0.00     80.84      0.00      0.00     12.90
                all      0.07      0.00      6.36      0.00      0.00     93.57
end------
                all      0.06      0.00      0.19      0.00      0.00     99.75
                all      0.14      0.00      0.43      0.00      0.00     99.43
                all      0.14      0.00      0.45      0.07      0.00     99.34
start----
                all      0.13      0.00      0.96      0.03      0.00     98.88
                all     10.35      0.00     41.35      0.10      0.00     48.21
                all      0.10      0.00     87.25      0.00      0.00     12.65
                all      4.92      0.00     81.45      0.00      0.00     13.63
                all      0.84      0.00     86.91      0.02      0.00     12.23
                all      4.27      0.00     24.39      0.00      0.00     71.33
end------
                all      0.03      0.00      0.11      0.00      0.00     99.86
                all      0.13      0.00      0.44      0.00      0.00     99.43
                all      0.14      0.00      0.44      0.00      0.00     99.42
start----
                all      0.14      0.00      0.44      0.00      0.00     99.42
                all      4.55      0.00     28.19      0.13      0.00     67.13
                all      9.14      0.00     72.45      0.39      0.00     18.03
                all      5.52      0.00     81.97      0.00      0.00     12.51
                all      0.04      0.00     87.33      0.00      0.00     12.62
                all      4.57      0.00     51.36      0.00      0.00     44.07
                all      0.02      0.00      0.10      0.00      0.00     99.88
end------
                all      0.09      0.00      0.31      0.00      0.00     99.60
                all      0.13      0.00      0.43      0.00      0.00     99.44
                all      0.14      0.00      0.43      0.00      0.00     99.43
start----
                all      0.62      0.00     11.83      0.05      0.00     87.50
                all     10.70      0.00     47.00      0.13      0.00     42.18
                all      0.10      0.00     87.32      0.00      0.00     12.58
                all      0.10      0.00     87.83      0.00      0.00     12.06
                all      5.75      0.00     82.26      0.00      0.00     11.99
                all      0.05      0.00     81.11      0.00      0.00     18.84
                all      0.04      0.00     87.36      0.00      0.00     12.60
                all      7.71      0.00     80.72      0.00      0.00     11.57
                all      2.25      0.00     22.32      0.01      0.00     75.42
end------
                all      0.03      0.00      0.10      0.00      0.00     99.87
                all      0.17      0.00      0.48      0.01      0.00     99.34
                all      0.14      0.00      0.45      0.00      0.00     99.42
start----
                all      0.26      0.00      0.55      0.01      0.00     99.17
                all      6.10      0.00     30.33      0.11      0.00     63.46
                all      8.97      0.00     72.43      0.36      0.00     18.25
                all      0.21      0.00     87.60      0.02      0.00     12.17
                all      0.10      0.00     88.02      0.11      0.00     11.77
                all      5.48      0.00     81.12      0.32      0.00     13.07
                all      0.13      0.00     87.54      0.40      0.00     11.94
                all      0.22      0.00     87.39      0.31      0.00     12.08
                all      5.14      0.00     52.14      0.04      0.00     42.67
                all      0.22      0.00      0.24      0.07      0.00     99.47
end------
                all      0.32      0.00      0.49      0.01      0.00     99.18
                all      0.35      0.00      0.58      0.01      0.00     99.05
                all      0.35      0.00      0.59      0.01      0.00     99.05
start----
                all      0.98      0.00     11.23      0.06      0.00     87.72
                all     11.68      0.00     44.39      0.14      0.00     43.79
                all      0.10      0.00     87.24      0.00      0.00     12.66
                all      0.13      0.00     87.63      0.00      0.00     12.24
                all      7.31      0.00     82.16      0.00      0.00     10.54
                all      0.63      0.00     82.14      0.00      0.00     17.23
                all      0.07      0.00     87.32      0.00      0.00     12.61
                all      4.17      0.00     84.08      0.00      0.00     11.75
                all      3.01      0.00     23.80      0.02      0.00     73.18
end------
                all      0.07      0.00      0.15      0.00      0.00     99.78
                all      0.17      0.00      0.44      0.00      0.00     99.38
                all      0.15      0.00      0.42      0.00      0.00     99.43
                all      0.14      0.00      0.43      0.00      0.00     99.43
start----
                all      5.18      0.00     26.54      0.13      0.00     68.15
                all      9.82      0.00     71.40      0.30      0.00     18.48
                all      0.17      0.00     87.52      0.00      0.00     12.31
                all      0.35      0.00     88.11      0.00      0.00     11.53
                all      0.15      0.00     88.08      0.00      0.00     11.78
                all      0.13      0.00     88.13      0.00      0.00     11.74
                all      0.14      0.00     88.02      0.00      0.00     11.85
                all      5.72      0.00     81.30      0.00      0.00     12.98
                all      0.07      0.00     87.42      0.02      0.00     12.49
                all      0.14      0.00     88.15      0.01      0.00     11.70
                all      0.05      0.00     87.15      0.00      0.00     12.80
                all      0.07      0.00     87.36      0.00      0.00     12.57
                all      0.05      0.00     87.19      0.00      0.00     12.76
                all      6.86      0.00     80.67      0.00      0.00     12.47
                all      0.08      0.00      8.58      0.01      0.00     91.33
end------
                all      0.07      0.00      0.20      0.00      0.00     99.73
                all      0.13      0.00      0.44      0.00      0.00     99.44
                all      0.14      0.00      0.44      0.00      0.00     99.42
start----
                all      0.12      0.00      0.39      0.00      0.00     99.49
                all      9.89      0.00     37.89      0.17      0.00     52.06
                all      0.51      0.00     82.77      0.01      0.00     16.71
                all      0.15      0.00     87.41      0.00      0.00     12.44
                all      0.14      0.00     88.05      0.00      0.00     11.81
                all      0.09      0.00     88.12      0.00      0.00     11.79
                all      0.10      0.00     88.08      0.00      0.00     11.82
                all      0.09      0.00     88.03      0.00      0.00     11.88
                all      5.84      0.00     81.05      0.00      0.00     13.10
                all      0.11      0.00     87.58      0.00      0.00     12.31
                all      0.04      0.00     87.19      0.00      0.00     12.77
                all      0.07      0.00     87.28      0.00      0.00     12.65
                all      0.04      0.00     87.28      0.00      0.00     12.68
                all      0.08      0.00     87.46      0.00      0.00     12.46
                all      6.13      0.00     70.23      0.00      0.00     23.64
                all      0.08      0.00      0.86      0.01      0.00     99.04
end------
                all      0.10      0.00      0.29      0.00      0.00     99.61
                all      0.18      0.00      0.44      0.00      0.00     99.38
                all      0.15      0.00      0.44      0.00      0.00     99.41
start----
                all      0.68      0.00      9.60      0.17      0.00     89.55
                all     11.79      0.00     43.53      0.15      0.00     44.53
                all      0.09      0.00     87.19      0.00      0.00     12.73
                all      0.17      0.00     87.63      0.00      0.00     12.20
                all      0.11      0.00     88.16      0.00      0.00     11.73
                all      0.35      0.00     88.61      0.11      0.00     10.92
                all      0.13      0.00     88.27      0.00      0.00     11.60
                all      0.14      0.00     87.98      0.00      0.00     11.88
                all      5.66      0.00     81.15      0.00      0.00     13.19
                all      0.06      0.00     87.26      0.00      0.00     12.68
                all      0.09      0.00     87.33      0.00      0.00     12.58
                all      0.10      0.00     87.22      0.00      0.00     12.68
                all      0.07      0.00     87.37      0.00      0.00     12.56
                all      0.31      0.00     87.62      0.04      0.00     12.04
                all      4.97      0.00     50.14      0.00      0.00     44.88
                all      0.03      0.00      0.10      0.01      0.00     99.87
end------
                all      0.10      0.00      0.35      0.00      0.00     99.55
                all      0.15      0.00      0.43      0.00      0.00     99.42
                all      0.18      0.00      0.48      0.00      0.00     99.34
End of data collecting unexpected
